10,510
11,1250
12,430
13,1170
14,410
15,870
16,370
17,1740
18,410
19,1560
20,590
21,990
22,590
23,1690
24,580
25,2030
26,540
27,890
28,510
29,1960
30,500
31,2190
32,450
33,1050
34,420
35,2120
36,400
37,2520
38,380
39,890
40,550
41,2730
42,600
43,2860
44,540
45,1010
46,500
47,2610
48,470
49,2800
50,450
51,890
52,450
53,3020
54,400
55,1950
56,370
57,770
58,330
59,3000
60,520
61,3380
62,540
63,1080
64,540
65,2260
66,480
67,3950
68,480
69,960
70,420
71,3890
72,410
73,3660
74,360
75,840
76,350
77,3040
78,310
79,3370
80,490
81,890
82,500
83,4580
84,490
85,1870
86,440
87,790
88,450
89,4160
90,550
91,3050
92,350
93,960
94,330
95,1970
96,310
97,4430
98,290
99,790
100,870
101,9220
102,850
103,9270
104,840
105,1620
106,790
107,9030
108,760
109,8840
110,740
111,1470
112,700
113,9010
114,670
115,3190
116,630
117,1340
118,600
119,4490
120,990
121,10080
122,830
123,1770
124,800
125,3480
126,780
127,10620
128,890
129,1550
130,700
131,10320
132,680
133,4760
134,660
135,1590
136,600
137,9920
138,570
139,9760
140,830
141,1490
142,790
143,9330
144,760
145,2880
146,770
147,1510
148,710
149,11190
150,670
151,11450
152,640
153,1480
154,620
155,3230
156,590
157,11090
158,540
159,1330
160,750
161,5210
162,800
163,11470
164,740
165,1500
166,710
167,11510
168,720
169,11890
170,640
171,1330
172,590
173,12560
174,600
175,2810
176,690
177,1180
178,500
179,11780
180,730
181,12610
182,740
183,1700
184,710
185,3020
186,680
187,8890
188,660
189,1380
190,620
191,12040
192,570
193,11890
194,550
195,1210
196,500
197,12910
198,470
199,12910
200,1050
201,1660
202,1050
203,5000
204,1210
205,3340
206,1020
207,1550
208,940
209,9060
210,920
211,13940
212,880
213,1680
214,860
215,3300
216,800
217,5060
218,780
219,1480
220,1060
221,12060
222,1120
223,14080
224,1030
225,1710
226,1030
227,15030
228,960
229,14700
230,930
231,1580
232,920
233,14310
234,880
235,2900
236,830
237,1350
238,850
239,13860
240,1200
241,15120
242,1030
243,1840
244,1000
245,3420
246,960
247,11860
248,930
249,1650
250,900
251,15100
252,870
253,9370
254,850
255,1460
256,800
257,16170
258,760
259,4630
260,1000
261,1600
262,990
263,16140
264,970
265,2950
266,960
267,1410
268,880
269,15670
270,850
271,16420
272,840
273,1550
274,800
275,2860
276,750
277,15400
278,720
279,1390
280,940
281,16290
282,950
283,16120
284,930
285,1500
286,900
287,4540
288,860
289,16250
290,900
291,1360
292,830
293,16610
294,750
295,2560
296,710
297,1320
298,660
299,10470
300,920
301,5070
302,940
303,2120
304,880
305,3360
306,860
307,17780
308,810
309,1770
310,820
311,18000
312,760
313,17210
314,710
315,1650
316,710
317,16970
318,650
319,8340
320,890
321,1690
322,870
323,17000
324,870
325,3090
326,830
327,1710
328,800
329,4440
330,740
331,20810
332,730
333,1960
334,670
335,3240
336,630
337,18460
338,600
339,1610
340,850
341,8760
342,840
343,4520
344,810
345,1740
346,770
347,18250
348,740
349,18080
350,740
351,1550
352,670
353,18060
354,650
355,2950
356,740
357,1660
358,640
359,18230
360,930
361,20040
362,820
363,1830
364,780
365,3250
366,730
367,20320
368,700
369,1810
370,670
371,4630
372,640
373,19960
374,610
375,1530
376,730
377,10890
378,610
379,20720
380,770
381,1570
382,740
383,19680
384,730
385,2680
386,840
387,1610
388,770
389,19810
390,660
391,16830
392,600
393,1570
394,580
395,2540
396,540
397,18830
398,490
399,1430
400,1010
401,22120
402,1050
403,12660
404,1110
405,2080
406,940
407,8990
408,930
409,21650
410,900
411,1690
412,830
413,4540
414,810
415,3450
416,770
417,1480
418,730
419,21650
420,1030
421,22080
422,1040
423,1970
424,1000
425,3460
426,980
427,5120
428,950
429,1820
430,900
431,21550
432,860
433,20960
434,1260
435,1640
436,800
437,18600
438,760
439,22010
440,1120
441,2120
442,1120
443,22440
444,1020
445,3280
446,1080
447,1590
448,910
449,21990
450,870
451,9010
452,840
453,1760
454,780
455,3600
456,750
457,23060
458,730
459,1540
460,940
461,22570
462,960
463,22210
464,940
465,1860
466,960
467,23660
468,860
469,4320
470,820
471,1660
472,790
473,7780
474,760
475,2850
476,740
477,1330
478,680
479,20750
480,910
481,11110
482,1080
483,1790
484,880
485,3310
486,870
487,25420
488,810
489,1610
490,770
491,23530
492,750
493,15920
494,730
495,1440
496,1150
497,4330
498,650
499,23920
500,1150
501,1710
502,1020
503,24600
504,970
505,3890
506,930
507,1610
508,860
509,23970
510,840
511,5470
512,710
513,1750
514,660
515,3280
516,640
517,8260
518,610
519,1380
520,930
521,23470
522,860
523,23240
524,810
525,1530
526,770
527,16280
528,750
529,23220
530,730
531,1470
532,680
533,10390
534,650
535,3010
536,610
537,1160
538,570
539,4100
540,810
541,24240
542,840
543,1590
544,910
545,3160
546,730
547,25760
548,710
549,1470
550,660
551,18440
552,650
553,4430
554,630
555,1250
556,550
557,24860
558,620
559,10800
560,760
561,1340
562,760
563,24510
564,750
565,3230
566,700
567,1370
568,660
569,23960
570,640
571,24640
572,600
573,1350
574,560
575,3170
576,530
577,27070
578,480
579,1160
580,710
581,4560
582,720
583,8010
584,690
585,1300
586,650
587,24710
588,640
589,18220
590,660
591,1280
592,610
593,25060
594,580
595,2840
596,560
597,1230
598,550
599,25780
600,1530
601,26990
602,970
603,1980
604,1010
605,4010
606,970
607,26650
608,880
609,1850
610,840
611,11710
612,820
613,25780
614,800
615,1660
616,750
617,25430
618,710
619,25140
620,980
621,1930
622,1000
623,4990
624,960
625,3530
626,920
627,1710
628,880
629,15250
630,860
631,26570
632,840
633,2000
634,820
635,3310
636,750
637,5280
638,820
639,1890
640,1070
641,28210
642,970
643,27000
644,940
645,1790
646,890
647,26610
648,850
649,8380
650,850
651,1640
652,790
653,26720
654,770
655,3330
656,720
657,1460
658,700
659,26070
660,910
661,27530
662,980
663,1900
664,890
665,3650
666,890
667,25210
668,920
669,2120
670,800
671,8560
672,750
673,26550
674,810
675,1880
676,770
677,28040
678,660
679,4410
680,880
681,1630
682,920
683,27440
684,860
685,3370
686,820
687,1560
688,820
689,10190
690,750
691,27180
692,710
693,1670
694,740
695,3130
696,800
697,14590
698,620
699,1480
700,820
701,28610
702,860
703,18300
704,820
705,1610
706,770
707,5620
708,840
709,28020
710,720
711,1470
712,690
713,22920
714,700
715,2820
716,630
717,1270
718,560
719,26500
720,800
721,5340
722,940
723,1730
724,780
725,3280
726,730
727,28470
728,730
729,1580
730,660
731,15970
732,650
733,28970
734,630
735,1410
736,560
737,8250
738,530
739,28510
740,750
741,1550
742,760
743,28290
744,730
745,2700
746,710
747,1360
748,690
749,4370
750,640
751,28880
752,630
753,1470
754,560
755,2920
756,530
757,28170
758,500
759,1280
760,740
761,28440
762,730
763,4710
764,700
765,1580
766,660
767,9850
768,630
769,27710
770,600
771,1260
772,570
773,28070
774,540
775,2590
776,490
777,1130
778,460
779,17400
780,770
781,9060
782,830
783,1720
784,730
785,3170
786,600
787,29380
788,600
789,1380
790,570
791,4510
792,570
793,9760
794,490
795,1330
796,450
797,28340
798,410
799,13820
800,950
801,1560
802,930
803,9190
804,910
805,3530
806,870
807,1430
808,940
809,32280
810,810
811,31060
812,780
813,1710
814,740
815,3320
816,710
817,18100
818,700
819,1410
820,940
821,30300
822,970
823,31900
824,1070
825,1790
826,1000
827,30500
828,860
829,29360
830,840
831,1420
832,800
833,4590
834,750
835,2840
836,720
837,1370
838,690
839,30020
840,1040
841,31430
842,940
843,1680
844,910
845,3420
846,850
847,5170
848,810
849,1500
850,950
851,23220
852,750
853,31720
854,720
855,1320
856,710
857,31510
858,640
859,31100
860,860
861,1430
862,880
863,32910
864,850
865,3140
866,800
867,1320
868,790
869,7730
870,750
871,9980
872,710
873,1420
874,680
875,3040
876,640
877,30180
878,610
879,1250
880,830
881,31220
882,850
883,30870
884,810
885,1540
886,780
887,30520
888,750
889,4430
890,710
891,1220
892,680
893,16360
894,660
895,2600
896,740
897,1060
898,600
899,30570
900,830
901,15940
902,960
903,1760
904,780
905,3400
906,740
907,33160
908,710
909,1580
910,700
911,33560
912,640
913,10030
914,640
915,1790
916,560
917,5410
918,980
919,33050
920,750
921,1620
922,770
923,11330
924,740
925,3270
926,700
927,1380
928,660
929,32400
930,640
931,5100
932,630
933,1570
934,560
935,3040
936,580
937,33790
938,560
939,1410
940,720
941,31980
942,730
943,22040
944,700
945,1550
946,670
947,31220
948,640
949,9880
950,590
951,1370
952,560
953,31060
954,530
955,2860
956,530
957,1190
958,490
959,4030
960,660
961,33280
962,740
963,1660
964,720
965,3220
966,770
967,35670
968,590
969,1460
970,560
971,33240
972,530
973,4420
974,490
975,1290
976,460
977,32670
978,430
979,7560
980,650
981,1400
982,660
983,32850
984,620
985,2620
986,730
987,1250
988,530
989,21140
990,520
991,33730
992,560
993,1740
994,520
995,2800
996,480
997,32470
998,380
999,1200
1000,1420
1001,7450
1002,1290
1003,24010
1004,1290
1005,2480
1006,1200
1007,27670
1008,1230
1009,50010
1010,1140
1011,2400
1012,1090
1013,49810
1014,1080
1015,4620
1016,1030
1017,2230
1018,1000
1019,50740
1020,1320
1021,50080
1022,1330
1023,2510
1024,1440
1025,4850
1026,1230
1027,16420
1028,1190
1029,2340
1030,1150
1031,53360
1032,1270
1033,52300
1034,1080
1035,2220
1036,1050
1037,22450
1038,1020
1039,51930
1040,1290
1041,2280
1042,1390
1043,6870
1044,1210
1045,4740
1046,1180
1047,2160
1048,1150
1049,50800
1050,1250
1051,51920
1052,1090
1053,2300
1054,1120
1055,4910
1056,1030
1057,7140
1058,1030
1059,2090
1060,1200
1061,52980
1062,1210
1063,51420
1064,1190
1065,2230
1066,1170
1067,12720
1068,1110
1069,50260
1070,1270
1071,2080
1072,1030
1073,45100
1074,1170
1075,4240
1076,970
1077,1940
1078,920
1079,14970
1080,1180
1081,33390
1082,1300
1083,2350
1084,1140
1085,4670
1086,1110
1087,51030
1088,1090
1089,2140
1090,1040
1091,52440
1092,1050
1093,53840
1094,970
1095,1980
1096,940
1097,51680
1098,900
1099,6500
1100,1140
1101,2300
1102,1460
1103,59990
1104,1090
1105,4390
1106,1090
1107,2110
1108,1030
1109,52730
1110,1000
1111,13480
1112,990
1113,2230
1114,930
1115,4320
1116,900
1117,52240
1118,870
1119,1940
1120,1080
1121,27370
1122,1090
1123,55540
1124,1220
1125,2300
1126,1160
1127,7510
1128,1170
1129,53500
1130,960
1131,1870
1132,1090
1133,13190
1134,910
1135,4410
1136,1150
1137,1910
1138,960
1139,23540
1140,1060
1141,6710
1142,1050
1143,2220
1144,1010
1145,4290
1146,980
1147,48120
1148,960
1149,1980
1150,960
1151,52590
1152,1030
1153,52200
1154,880
1155,1800
1156,850
1157,15750
1158,780
1159,25470
1160,1180
1161,1900
1162,1010
1163,53910
1164,970
1165,4310
1166,970
1167,1810
1168,910
1169,6310
1170,890
1171,53730
1172,860
1173,2050
1174,830
1175,4090
1176,790
1177,12230
1178,750
1179,1900
1180,970
1181,54810
1182,990
1183,6120
1184,960
1185,1950
1186,1040
1187,53340
1188,890
1189,42200
1190,840
1191,1710
1192,850
1193,60780
1194,790
1195,3530
1196,750
1197,1570
1198,700
1199,11330
1200,1420
1201,56840
1202,1240
1203,2670
1204,1210
1205,5180
1206,1170
1207,24920
1208,1140
1209,2410
1210,1070
1211,7620
1212,1060
1213,58380
1214,1060
1215,2220
1216,1140
1217,56000
1218,980
1219,34740
1220,1260
1221,2350
1222,1230
1223,56750
1224,1460
1225,5270
1226,1330
1227,2270
1228,1140
1229,56840
1230,1100
1231,57050
1232,1080
1233,2360
1234,1070
1235,4680
1236,1010
1237,55940
1238,970
1239,2360
1240,1200
1241,23560
1242,1210
1243,14900
1244,1200
1245,2330
1246,1140
1247,46080
1248,1130
1249,55440
1250,1190
1251,2470
1252,1180
1253,7720
1254,1150
1255,5270
1256,990
1257,2010
1258,960
1259,55110
1260,1310
1261,17170
1262,1180
1263,2710
1264,1130
1265,4850
1266,1100
1267,7450
1268,1090
1269,2450
1270,1030
1271,48510
1272,1000
1273,26420
1274,970
1275,2260
1276,940
1277,55370
1278,920
1279,55250
1280,1130
1281,2270
1282,1120
1283,56500
1284,1150
1285,5420
1286,1080
1287,2600
1288,1040
1289,58150
1290,1000
1291,57710
1292,990
1293,2200
1294,930
1295,4600
1296,900
1297,57260
1298,860
1299,2060
1300,1080
1301,58680
1302,1120
1303,62610
1304,1060
1305,2340
1306,1020
1307,58180
1308,990
1309,6720
1310,1250
1311,2240
1312,1040
1313,18580
1314,980
1315,4660
1316,940
1317,2230
1318,930
1319,56990
1320,1210
1321,59340
1322,1090
1323,2250
1324,1020
1325,4590
1326,1200
1327,60860
1328,990
1329,2110
1330,930
1331,13270
1332,1050
1333,48270
1334,900
1335,2140
1336,810
1337,6560
1338,950
1339,17100
1340,1010
1341,2180
1342,1040
1343,23030
1344,1010
1345,4180
1346,970
1347,1880
1348,950
1349,27080
1350,970
1351,7620
1352,960
1353,2020
1354,840
1355,4210
1356,780
1357,33290
1358,750
1359,1840
1360,960
1361,60520
1362,980
1363,46380
1364,960
1365,2060
1366,920
1367,58190
1368,930
1369,62380
1370,860
1371,1840
1372,820
1373,59150
1374,790
1375,3960
1376,750
1377,1790
1378,730
1379,6160
1380,930
1381,59350
1382,950
1383,2280
1384,910
1385,4070
1386,870
1387,26020
1388,830
1389,1920
1390,810
1391,16100
1392,860
1393,6120
1394,770
1395,1740
1396,700
1397,11690
1398,770
1399,59490
1400,1200
1401,2270
1402,1200
1403,34350
1404,1270
1405,4510
1406,1150
1407,1960
1408,1100
1409,60210
1410,1060
1411,23750
1412,1070
1413,2110
1414,1010
1415,4530
1416,990
1417,16190
1418,930
1419,2090
1420,1190
1421,6860
1422,1360
1423,59380
1424,1200
1425,2130
1426,1150
1427,58830
1428,1100
1429,58210
1430,1070
1431,1960
1432,1040
1433,58810
1434,1010
1435,3960
1436,970
1437,1800
1438,940
1439,58370
1440,1170
1441,13250
1442,1190
1443,2380
1444,1130
1445,4250
1446,1100
1447,62800
1448,1080
1449,2050
1450,1070
1451,64970
1452,1010
1453,62570
1454,970
1455,1900
1456,940
1457,48730
1458,920
1459,63890
1460,1140
1461,1970
1462,1170
1463,6570
1464,1110
1465,4040
1466,1090
1467,2000
1468,1040
1469,16400
1470,1150
1471,62170
1472,970
1473,1960
1474,950
1475,4000
1476,910
1477,6670
1478,1010
1479,2150
1480,1260
1481,62630
1482,1130
1483,61140
1484,1100
1485,2090
1486,1030
1487,61750
1488,1150
1489,61000
1490,980
1491,1910
1492,970
1493,62090
1494,920
1495,3570
1496,850
1497,1790
1498,810
1499,58990
1500,1060
1501,27250
1502,1240
1503,2340
1504,1020
1505,4650
1506,1000
1507,12950
1508,970
1509,2190
1510,920
1511,61820
1512,900
1513,23470
1514,850
1515,1980
1516,830
1517,58260
1518,790
1519,6660
1520,1010
1521,2110
1522,1020
1523,67910
1524,1160
1525,5060
1526,990
1527,1960
1528,940
1529,12420
1530,900
1531,66740
1532,970
1533,2380
1534,1030
1535,4300
1536,810
1537,45430
1538,760
1539,1980
1540,970
1541,34080
1542,1150
1543,63650
1544,970
1545,2100
1546,910
1547,6670
1548,870
1549,63220
1550,1020
1551,1940
1552,840
1553,63350
1554,800
1555,4170
1556,750
1557,1770
1558,730
1559,64840
1560,940
1561,7160
1562,940
1563,2350
1564,910
1565,4520
1566,900
1567,66420
1568,870
1569,2040
1570,810
1571,64270
1572,780
1573,12380
1574,780
1575,1850
1576,850
1577,26600
1578,700
1579,63310
1580,900
1581,1920
1582,910
1583,62980
1584,900
1585,4080
1586,860
1587,1800
1588,830
1589,6210
1590,770
1591,59080
1592,740
1593,1940
1594,730
1595,3960
1596,670
1597,61100
1598,650
1599,1750
1600,1160
1601,66510
1602,1160
1603,7170
1604,1130
1605,2200
1606,1080
1607,68760
1608,1190
1609,67770
1610,1160
1611,2300
1612,1120
1613,66860
1614,970
1615,4580
1616,950
1617,1900
1618,1000
1619,68010
1620,1250
1621,67070
1622,1180
1623,2360
1624,1170
1625,4780
1626,1120
1627,66230
1628,1230
1629,2180
1630,1040
1631,6980
1632,1010
1633,34010
1634,990
1635,1990
1636,1080
1637,66870
1638,910
1639,12630
1640,1130
1641,2120
1642,1120
1643,47990
1644,1110
1645,4480
1646,1210
1647,1960
1648,1040
1649,23620
1650,1000
1651,16670
1652,990
1653,2130
1654,940
1655,4790
1656,890
1657,65090
1658,880
1659,1910
1660,1080
1661,12700
1662,1110
1663,65160
1664,1080
1665,2120
1666,1040
1667,64190
1668,1010
1669,65320
1670,1240
1671,2120
1672,1000
1673,6120
1674,1080
1675,4040
1676,870
1677,1690
1678,860
1679,31920
1680,1080
1681,66640
1682,1100
1683,2350
1684,1040
1685,4510
1686,1000
1687,7010
1688,1050
1689,2000
1690,940
1691,27330
1692,890
1693,68850
1694,870
1695,1970
1696,840
1697,68230
1698,940
1699,66400
1700,1900
1701,2060
1702,1020
1703,16750
1704,1150
1705,4220
1706,950
1707,1800
1708,920
1709,67810
1710,900
1711,45310
1712,870
1713,1900
1714,840
1715,4730
1716,800
1717,24510
1718,810
1719,1760
1720,1150
1721,68610
1722,1160
1723,67090
1724,960
1725,2050
1726,920
1727,12180
1728,870
1729,6260
1730,850
1731,1710
1732,840
1733,67980
1734,790
1735,3830
1736,750
1737,1660
1738,720
1739,57090
1740,990
1741,65910
1742,960
1743,1980
1744,920
1745,4130
1746,890
1747,65440
1748,1010
1749,1790
1750,810
1751,23380
1752,770
1753,66010
1754,750
1755,1630
1756,710
1757,6250
1758,680
1759,65380
1760,1050
1761,1750
1762,910
1763,66400
1764,890
1765,4030
1766,860
1767,1590
1768,810
1769,43730
1770,770
1771,6180
1772,890
1773,1710
1774,760
1775,3870
1776,680
1777,69840
1778,630
1779,1580
1780,860
1781,15070
1782,900
1783,67240
1784,840
1785,1670
1786,820
1787,68270
1788,880
1789,66200
1790,760
1791,1530
1792,710
1793,10740
1794,670
1795,3490
1796,680
1797,1330
1798,610
1799,5080
1800,1290
1801,70880
1802,1120
1803,2350
1804,1090
1805,4850
1806,1050
1807,16820
1808,1160
1809,2200
1810,990
1811,69560
1812,970
1813,6780
1814,930
1815,2050
1816,880
1817,35340
1818,860
1819,25200
1820,1150
1821,2340
1822,1150
1823,71920
1824,1120
1825,4170
1826,1210
1827,2040
1828,1020
1829,48300
1830,1010
1831,69110
1832,1000
1833,2200
1834,970
1835,4250
1836,880
1837,12070
1838,870
1839,2020
1840,1090
1841,6850
1842,1090
1843,28230
1844,1070
1845,2680
1846,1170
1847,68480
1848,1000
1849,69270
1850,1120
1851,2010
1852,940
1853,23870
1854,900
1855,4280
1856,860
1857,1850
1858,820
1859,11850
1860,1060
1861,70110
1862,1220
1863,2260
1864,1020
1865,4300
1866,1000
1867,72260
1868,960
1869,2080
1870,930
1871,70270
1872,920
1873,69560
1874,890
1875,2130
1876,830
1877,69290
1878,800
1879,69280
1880,1020
1881,2000
1882,1010
1883,6480
1884,990
1885,4020
1886,960
1887,1880
1888,1080
1889,70270
1890,890
1891,47210
1892,1060
1893,2000
1894,830
1895,3880
1896,840
1897,6270
1898,750
1899,1970
1900,980
1901,70490
1902,1150
1903,12450
1904,990
1905,1980
1906,940
1907,70500
1908,900
1909,33750
1910,880
1911,1810
1912,810
1913,71140
1914,780
1915,3790
1916,740
1917,1630
1918,720
1919,28570
1920,940
1921,24090
1922,1090
1923,2110
1924,900
1925,4070
1926,880
1927,66200
1928,940
1929,2140
1930,900
1931,70770
1932,920
1933,73400
1934,770
1935,1770
1936,700
1937,15320
1938,700
1939,5730
1940,1060
1941,1850
1942,920
1943,43340
1944,870
1945,3660
1946,840
1947,1730
1948,800
1949,69930
1950,780
1951,73360
1952,900
1953,2080
1954,800
1955,4120
1956,750
1957,28060
1958,640
1959,1660
1960,1010
1961,68400
1962,880
1963,15530
1964,850
1965,1790
1966,800
1967,6220
1968,760
1969,11160
1970,740
1971,1670
1972,730
1973,70760
1974,700
1975,3530
1976,630
1977,1510
1978,590
1979,70110
1980,880
1981,6150
1982,840
1983,1940
1984,810
1985,3740
1986,790
1987,71550
1988,790
1989,1730
1990,710
1991,11350
1992,660
1993,71160
1994,630
1995,1620
1996,590
1997,70060
1998,570
1999,69890
2000,1530
2001,2290
2002,1470
2003,74470
2004,1430
2005,5070
2006,1400
2007,2160
2008,1350
2009,6950
2010,1350
2011,73700
2012,1300
2013,2460
2014,1250
2015,4800
2016,1230
2017,72640
2018,1180
2019,2110
2020,1470
2021,71310
2022,1600
2023,6690
2024,1450
2025,2440
2026,1400
2027,74160
2028,1370
2029,73410
2030,1330
2031,2240
2032,1330
2033,27280
2034,1250
2035,4200
2036,1540
2037,2200
2038,1350
2039,76150
2040,1430
2041,16570
2042,1600
2043,2390
2044,1430
2045,5420
2046,1530
2047,35680
2048,1360
2049,2360
2050,1290
2051,7650
2052,1250
2053,73710
2054,1250
2055,2070
2056,1320
2057,12390
2058,1170
2059,44090
2060,1520
2061,2170
2062,1450
2063,74040
2064,1380
2065,4670
2066,1350
2067,2070
2068,1330
2069,74070
2070,1540
2071,27520
2072,1250
2073,2160
2074,1190
2075,4670
2076,1190
2077,46430
2078,1160
2079,2000
2080,1330
2081,73660
2082,1350
2083,72970
2084,1350
2085,2120
2086,1330
2087,73390
2088,1310
2089,74820
2090,1230
2091,2140
2092,1170
2093,6170
2094,1130
2095,4250
2096,1210
2097,1770
2098,1110
2099,72950
2100,1320
2101,14080
2102,1310
2103,2700
2104,1320
2105,4860
2106,1300
2107,7600
2108,1240
2109,2490
2110,1180
2111,76280
2112,1290
2113,77580
2114,1130
2115,2340
2116,1090
2117,47510
2118,1310
2119,17150
2120,1280
2121,2420
2122,1260
2123,13290
2124,1230
2125,4700
2126,1220
2127,2140
2128,1180
2129,76520
2130,1170
2131,77350
2132,1230
2133,2630
2134,1220
2135,5160
2136,1230
2137,75820
2138,1020
2139,2180
2140,1250
2141,77610
2142,1270
2143,75180
2144,1340
2145,2290
2146,1170
2147,29000
2148,1170
2149,6510
2150,1130
2151,2100
2152,1070
2153,74550
2154,1060
2155,4220
2156,980
2157,1950
2158,960
2159,22420
2160,1200
2161,77480
2162,1270
2163,2340
2164,1190
2165,4840
2166,1160
2167,12800
2168,1090
2169,2250
2170,1080
2171,16450
2172,1040
2173,66700
2174,1050
2175,2060
2176,950
2177,6930
2178,910
2179,75790
2180,1170
2181,2100
2182,1170
2183,60410
2184,1160
2185,4280
2186,1190
2187,2020
2188,1040
2189,11970
2190,1170
2191,6530
2192,1010
2193,2280
2194,970
2195,4080
2196,940
2197,14940
2198,930
2199,1990
2200,1490
2201,49810
2202,1510
2203,77760
2204,1540
2205,2600
2206,1400
2207,78990
2208,1360
2209,81630
2210,1330
2211,2350
2212,1280
2213,79050
2214,1270
2215,4690
2216,1220
2217,2080
2218,1190
2219,6540
2220,1510
2221,78770
2222,1470
2223,2750
2224,1450
2225,5040
2226,1620
2227,24950
2228,1400
2229,2420
2230,1330
2231,35220
2232,1310
2233,6620
2234,1260
2235,2210
2236,1220
2237,76380
2238,1220
2239,76370
2240,1440
2241,2290
2242,1460
2243,78050
2244,1430
2245,4450
2246,1380
2247,2220
2248,1320
2249,16000
2250,1300
2251,80590
2252,1260
2253,2330
2254,1220
2255,4650
2256,1180
2257,61420
2258,1150
2259,2300
2260,1370
2261,6750
2262,1570
2263,50340
2264,1350
2265,2370
2266,1350
2267,77280
2268,1310
2269,78810
2270,1260
2271,2140
2272,1220
2273,78390
2274,1210
2275,4050
2276,1150
2277,2010
2278,1100
2279,67530
2280,1380
2281,77220
2282,1420
2283,2410
2284,1330
2285,4540
2286,1320
2287,82730
2288,1280
2289,2410
2290,1220
2291,44260
2292,1200
2293,76980
2294,1250
2295,2040
2296,1110
2297,76560
2298,1090
2299,11490
2300,1490
2301,2150
2302,1310
2303,6550
2304,1280
2305,4170
2306,1300
2307,2210
2308,1230
2309,78230
2310,1190
2311,80670
2312,1160
2313,2180
2314,1130
2315,4150
2316,1080
2317,6120
2318,1040
2319,2100
2320,1270
2321,12940
2322,1280
2323,35390
2324,1250
2325,2140
2326,1210
2327,17140
2328,1340
2329,22770
2330,1280
2331,1950
2332,1100
2333,79680
2334,1150
2335,3680
2336,1070
2337,1910
2338,1020
2339,79080
2340,1240
2341,79270
2342,1240
2343,2180
2344,1230
2345,4010
2346,1180
2347,80760
2348,1130
2349,2030
2350,1110
2351,79460
2352,1130
2353,15520
2354,1030
2355,1890
2356,1010
2357,78230
2358,970
2359,5820
2360,1210
2361,1970
2362,1210
2363,22070
2364,1180
2365,3970
2366,1140
2367,1830
2368,1100
2369,35290
2370,1230
2371,78570
2372,1100
2373,1940
2374,1010
2375,3920
2376,1010
2377,76290
2378,950
2379,1850
2380,1220
2381,77380
2382,1160
2383,80710
2384,1190
2385,1910
2386,1100
2387,5820
2388,1080
2389,76690
2390,1060
2391,1780
2392,1050
2393,76890
2394,980
2395,3260
2396,930
2397,1780
2398,920
2399,75820
2400,1630
2401,8370
2402,1600
2403,3080
2404,1580
2405,5180
2406,1520
2407,49780
2408,1310
2409,2480
2410,1310
2411,83190
2412,1390
2413,28410
2414,1350
2415,2260
2416,1230
2417,82660
2418,1160
2419,67000
2420,1450
2421,2400
2422,1610
2423,83470
2424,1440
2425,4640
2426,1390
2427,2320
2428,1330
2429,6700
2430,1320
2431,13250
2432,1290
2433,2630
2434,1230
2435,4320
2436,1210
2437,87120
2438,1240
2439,2420
2440,1400
2441,82140
2442,1390
2443,6800
2444,1360
2445,2440
2446,1320
2447,81590
2448,1430
2449,48570
2450,1430
2451,2220
2452,1230
2453,12970
2454,1180
2455,4580
2456,1140
2457,2130
2458,1110
2459,83330
2460,1330
2461,35530
2462,1370
2463,2640
2464,1370
2465,4540
2466,1280
2467,81540
2468,1250
2469,2310
2470,1250
2471,7420
2472,1390
2473,82600
2474,1170
2475,2320
2476,1120
2477,80590
2478,1120
2479,57490
2480,1310
2481,2290
2482,1320
2483,16430
2484,1280
2485,4210
2486,1430
2487,2100
2488,1260
2489,26530
2490,1190
2491,75090
2492,1160
2493,2440
2494,1120
2495,4110
2496,1070
2497,11850
2498,1190
2499,2440
2500,1290
2501,65730
2502,1400
2503,82820
2504,1250
2505,2260
2506,1350
2507,34290
2508,1170
2509,15970
2510,1170
2511,2080
2512,1120
2513,6460
2514,1090
2515,4200
2516,1070
2517,2040
2518,1020
2519,11890
2520,1260
2521,86570
2522,1260
2523,2320
2524,1210
2525,4780
2526,1170
2527,7240
2528,1140
2529,2200
2530,1150
2531,85530
2532,1260
2533,24130
2534,1200
2535,2350
2536,1200
2537,71660
2538,1000
2539,83820
2540,1340
2541,2060
2542,1240
2543,83840
2544,1160
2545,4200
2546,1130
2547,1970
2548,1120
2549,82650
2550,1070
2551,83480
2552,1060
2553,2150
2554,1010
2555,4420
2556,960
2557,83620
2558,1040
2559,2280
2560,1310
2561,17420
2562,1190
2563,12910
2564,1130
2565,2060
2566,1100
2567,23640
2568,1070
2569,6480
2570,1030
2571,1870
2572,1000
2573,48460
2574,970
2575,3980
2576,930
2577,1840
2578,900
2579,81480
2580,1110
2581,44860
2582,1160
2583,2130
2584,1170
2585,4440
2586,1360
2587,16660
2588,1190
2589,2310
2590,1150
2591,83000
2592,980
2593,81570
2594,950
2595,1900
2596,880
2597,6070
2598,850
2599,33430
2600,1360
2601,2190
2602,1390
2603,27670
2604,1370
2605,4680
2606,1310
2607,2100
2608,1270
2609,85450
2610,1300
2611,6780
2612,1220
2613,2210
2614,1180
2615,4390
2616,1310
2617,85280
2618,1120
2619,2010
2620,1530
2621,86000
2622,1430
2623,69630
2624,1530
2625,2160
2626,1320
2627,58790
2628,1340
2629,11770
2630,1250
2631,2030
2632,1370
2633,86860
2634,1210
2635,3960
2636,1180
2637,1820
2638,1120
2639,5740
2640,1340
2641,26810
2642,1360
2643,2330
2644,1360
2645,4390
2646,1340
2647,89620
2648,1260
2649,2160
2650,1220
2651,12490
2652,1360
2653,6320
2654,1160
2655,2110
2656,1120
2657,84470
2658,1110
2659,84360
2660,1310
2661,2030
2662,1330
2663,85340
2664,1290
2665,4000
2666,1270
2667,2040
2668,1210
2669,22510
2670,1180
2671,84430
2672,1140
2673,2070
2674,1100
2675,3930
2676,1220
2677,83440
2678,1070
2679,1880
2680,1310
2681,6330
2682,1290
2683,82840
2684,1390
2685,2000
2686,1200
2687,82950
2688,1180
2689,85450
2690,1190
2691,1830
2692,1100
2693,81760
2694,1080
2695,3630
2696,1050
2697,1630
2698,1010
2699,80960
2700,1300
2701,59680
2702,1240
2703,2390
2704,1200
2705,4490
2706,1180
2707,86800
2708,1300
2709,2230
2710,1100
2711,87140
2712,1250
2713,87100
2714,1200
2715,2110
2716,990
2717,11780
2718,990
2719,85820
2720,1170
2721,2140
2722,1230
2723,6260
2724,1190
2725,4190
2726,1280
2727,2000
2728,1120
2729,85890
2730,1090
2731,87070
2732,1040
2733,2360
2734,1000
2735,3990
2736,980
2737,6130
2738,970
2739,2000
2740,1180
2741,86380
2742,1210
2743,15790
2744,1160
2745,2140
2746,1090
2747,65390
2748,1060
2749,86110
2750,1210
2751,1980
2752,1000
2753,85740
2754,1180
2755,3820
2756,920
2757,1800
2758,890
2759,48500
2760,1140
2761,12380
2762,1150
2763,2250
2764,1080
2765,4420
2766,1110
2767,86650
2768,1050
2769,2270
2770,1000
2771,22740
2772,1030
2773,75990
2774,920
2775,1950
2776,910
2777,86720
2778,1000
2779,6320
2780,1250
2781,2180
2782,1300
2783,11790
2784,1110
2785,3770
2786,1040
2787,2030
2788,1050
2789,83930
2790,970
2791,84160
2792,930
2793,1970
2794,1040
2795,3600
2796,840
2797,83410
2798,940
2799,2210
2800,1500
2801,94890
2802,1360
2803,88620
2804,1490
2805,2250
2806,1310
2807,6980
2808,1260
2809,89050
2810,1210
2811,2110
2812,1280
2813,47200
2814,1170
2815,4120
2816,1250
2817,1920
2818,1070
2819,88450
2820,1360
2821,6960
2822,1360
2823,2470
2824,1340
2825,4560
2826,1310
2827,12450
2828,1310
2829,2200
2830,1210
2831,26270
2832,1200
2833,87550
2834,1170
2835,2060
2836,1110
2837,86890
2838,1090
2839,24490
2840,1520
2841,2360
2842,1540
2843,88070
2844,1300
2845,4270
2846,1260
2847,1980
2848,1270
2849,6240
2850,1210
2851,86730
2852,1160
2853,2160
2854,1130
2855,4340
2856,1220
2857,85450
2858,1050
2859,1920
2860,1450
2861,86460
2862,1310
2863,6350
2864,1260
2865,2090
2866,1370
2867,75080
2868,1210
2869,25530
2870,1140
2871,1920
2872,1120
2873,15160
2874,1090
2875,3790
2876,1070
2877,1750
2878,1170
2879,85760
2880,1230
2881,70440
2882,1370
2883,2190
2884,1200
2885,4210
2886,1180
2887,92560
2888,1150
2889,2010
2890,1130
2891,6420
2892,1110
2893,11790
2894,1040
2895,1850
2896,990
2897,88800
2898,1000
2899,15610
2900,1220
2901,1930
2902,1200
2903,89000
2904,1310
2905,3980
2906,1190
2907,1840
2908,1080
2909,88840
2910,1060
2911,68900
2912,1030
2913,2120
2914,990
2915,3810
2916,970
2917,89660
2918,930
2919,1810
2920,1370
2921,34010
2922,1210
2923,59220
2924,1150
2925,1930
2926,1240
2927,89100
2928,1220
2929,45400
2930,1090
2931,1740
2932,1160
2933,5510
2934,960
2935,3710
2936,930
2937,1550
2938,890
2939,87450
2940,1120
2941,22180
2942,1150
2943,1970
2944,1110
2945,3920
2946,1220
2947,6810
2948,1160
2949,2110
2950,1140
2951,16380
2952,1090
2953,88940
2954,960
2955,1640
2956,900
2957,88180
2958,890
2959,10660
2960,1150
2961,1880
2962,1080
2963,87960
2964,1190
2965,3700
2966,1040
2967,1670
2968,990
2969,87270
2970,1000
2971,88400
2972,930
2973,1780
2974,890
2975,3760
2976,870
2977,14430
2978,850
2979,1710
2980,1060
2981,11340
2982,1090
2983,24430
2984,1160
2985,1740
2986,990
2987,43790
2988,970
2989,5300
2990,900
2991,1620
2992,870
2993,66330
2994,940
2995,3310
2996,810
2997,1540
2998,780
2999,85460
3000,1310
3001,92530
3002,1300
3003,2770
3004,1300
3005,5190
3006,1230
3007,52250
3008,1220
3009,2610
3010,1300
3011,92110
3012,1160
3013,35690
3014,1230
3015,2420
3016,1050
3017,7200
3018,1030
3019,91290
3020,1380
3021,2560
3022,1320
3023,92000
3024,1300
3025,4540
3026,1310
3027,2630
3028,1240
3029,16350
3030,1320
3031,7100
3032,1140
3033,2810
3034,1150
3035,4480
3036,1100
3037,91480
3038,1080
3039,2520
3040,1280
3041,92340
3042,1280
3043,23550
3044,1230
3045,2600
3046,1200
3047,12510
3048,1200
3049,90910
3050,1130
3051,2420
3052,1110
3053,70120
3054,1070
3055,4720
3056,1060
3057,2230
3058,1000
3059,6590
3060,1230
3061,92670
3062,1390
3063,2660
3064,1220
3065,4720
3066,1320
3067,91670
3068,1190
3069,2780
3070,1110
3071,64140
3072,1070
3073,6780
3074,1030
3075,2320
3076,1000
3077,22450
3078,970
3079,89760
3080,1200
3081,2570
3082,1200
3083,92250
3084,1200
3085,4590
3086,1120
3087,2270
3088,1120
3089,91410
3090,1060
3091,12680
3092,1060
3093,2470
3094,1020
3095,4400
3096,1020
3097,26450
3098,930
3099,2390
3100,1150
3101,7100
3102,1140
3103,46670
3104,1160
3105,2560
3106,1100
3107,15660
3108,1210
3109,90970
3110,1020
3111,2290
3112,990
3113,12050
3114,970
3115,4150
3116,950
3117,2030
3118,880
3119,89870
3120,1140
3121,97170
3122,1120
3123,2460
3124,1250
3125,4480
3126,1050
3127,90060
3128,1160
3129,2840
3130,1480
3131,51130
3132,970
3133,16180
3134,950
3135,2420
3136,880
3137,92770
3138,850
3139,69510
3140,1230
3141,2220
3142,1140
3143,6200
3144,1080
3145,3910
3146,1010
3147,2240
3148,1120
3149,78990
3150,960
3151,34290
3152,920
3153,2240
3154,880
3155,4230
3156,850
3157,6450
3158,820
3159,2070
3160,1040
3161,47400
3162,1060
3163,93420
3164,1070
3165,2210
3166,1140
3167,92990
3168,1020
3169,95650
3170,910
3171,2020
3172,890
3173,25250
3174,840
3175,3820
3176,810
3177,1840
3178,790
3179,10880
3180,1160
3181,95390
3182,1060
3183,2270
3184,1180
3185,4110
3186,940
3187,90440
3188,910
3189,2150
3190,880
3191,90780
3192,850
3193,48150
3194,830
3195,1940
3196,780
3197,31050
3198,740
3199,5600
3200,1250
3201,2400
3202,1250
3203,93850
3204,1260
3205,4550
3206,1200
3207,2400
3208,1170
3209,94480
3210,1210
3211,16550
3212,1200
3213,2320
3214,1050
3215,4610
3216,1030
3217,92630
3218,990
3219,2280
3220,1320
3221,94000
3222,1280
3223,12750
3224,1250
3225,2380
3226,1220
3227,6690
3228,1210
3229,93110
3230,1150
3231,2350
3232,1130
3233,90050
3234,1100
3235,3990
3236,1030
3237,2180
3238,990
3239,65630
3240,1230
3241,6980
3242,1260
3243,2460
3244,1200
3245,4450
3246,1190
3247,23770
3248,1130
3249,2250
3250,1090
3251,96560
3252,1110
3253,97770
3254,1050
3255,2130
3256,990
3257,96330
3258,950
3259,99980
3260,1200
3261,2200
3262,1240
3263,15910
3264,1160
3265,4250
3266,1280
3267,2040
3268,1100
3269,6250
3270,1050
3271,94530
3272,1060
3273,2170
3274,1140
3275,4080
3276,990
3277,45680
3278,920
3279,2030
3280,1200
3281,22560
3282,1200
3283,6470
3284,1180
3285,2170
3286,1320
3287,25740
3288,1060
3289,11250
3290,1160
3291,1980
3292,1010
3293,58360
3294,960
3295,3790
3296,920
3297,1920
3298,880
3299,92220
3300,1100
3301,97180
3302,1130
3303,2580
3304,1090
3305,4720
3306,1060
3307,96070
3308,1030
3309,2410
3310,1010
3311,6670
3312,950
3313,99480
3314,920
3315,2290
3316,880
3317,54020
3318,1240
3319,96960
3320,1110
3321,2590
3322,1130
3323,97990
3324,1080
3325,4350
3326,1040
3327,2380
3328,1000
3329,95480
3330,1050
3331,96730
3332,980
3333,2540
3334,890
3335,4510
3336,830
3337,76370
3338,810
3339,2200
3340,1050
3341,15460
3342,1060
3343,94470
3344,1040
3345,2530
3346,990
3347,93290
3348,950
3349,21580
3350,950
3351,2310
3352,910
3353,5780
3354,850
3355,4120
3356,830
3357,2040
3358,800
3359,91860
3360,1020
3361,96180
3362,1040
3363,2450
3364,1120
3365,4450
3366,940
3367,6660
3368,920
3369,2340
3370,890
3371,100920
3372,840
3373,97880
3374,900
3375,2550
3376,890
3377,13110
3378,840
3379,50370
3380,980
3381,2210
3382,1130
3383,22710
3384,960
3385,3930
3386,970
3387,2190
3388,900
3389,95740
3390,880
3391,95730
3392,840
3393,2180
3394,760
3395,3870
3396,760
3397,67910
3398,710
3399,2030
3400,1220
3401,28820
3402,1430
3403,68770
3404,1180
3405,2470
3406,1320
3407,96710
3408,1140
3409,6250
3410,1120
3411,2250
3412,1120
3413,96980
3414,1050
3415,4240
3416,1020
3417,2200
3418,990
3419,15360
3420,1260
3421,12700
3422,1250
3423,2790
3424,1260
3425,4240
3426,1160
3427,34300
3428,1140
3429,2450
3430,1100
3431,84670
3432,1070
3433,97570
3434,1020
3435,2300
3436,980
3437,6000
3438,950
3439,26040
3440,1210
3441,2470
3442,1260
3443,12280
3444,1200
3445,4160
3446,1180
3447,2200
3448,1100
3449,97480
3450,1090
3451,6370
3452,1070
3453,2340
3454,1040
3455,4220
3456,960
3457,97410
3458,920
3459,2340
3460,1170
3461,97020
3462,1150
3463,100290
3464,1140
3465,2300
3466,1090
3467,95740
3468,1070
3469,95640
3470,1310
3471,2400
3472,1110
3473,34740
3474,1110
3475,3600
3476,950
3477,1940
3478,880
3479,5220
3480,1110
3481,97920
3482,1240
3483,2800
3484,1240
3485,4670
3486,1240
3487,11940
3488,1020
3489,2280
3490,1170
3491,95900
3492,970
3493,5640
3494,930
3495,2060
3496,870
3497,13700
3498,840
3499,94980
3500,1080
3501,2320
3502,1070
3503,49030
3504,1040
3505,4180
3506,1110
3507,2000
3508,1120
3509,11600
3510,950
3511,98740
3512,920
3513,2170
3514,870
3515,4250
3516,880
3517,98170
3518,860
3519,2020
3520,1050
3521,6440
3522,1060
3523,15830
3524,1040
3525,2290
3526,970
3527,100190
3528,950
3529,101390
3530,950
3531,1950
3532,870
3533,99300
3534,840
3535,3900
3536,810
3537,1780
3538,770
3539,98150
3540,1020
3541,101330
3542,1170
3543,2640
3544,1100
3545,4690
3546,1100
3547,102880
3548,900
3549,2130
3550,870
3551,87010
3552,840
3553,11690
3554,800
3555,1960
3556,790
3557,104980
3558,770
3559,101360
3560,970
3561,1960
3562,1140
3563,5920
3564,960
3565,4080
3566,940
3567,1830
3568,900
3569,67770
3570,860
3571,96880
3572,830
3573,1990
3574,750
3575,3800
3576,900
3577,5910
3578,700
3579,1830
3580,920
3581,95830
3582,950
3583,99620
3584,1040
3585,1940
3586,1000
3587,21200
3588,830
3589,56750
3590,950
3591,1760
3592,770
3593,98100
3594,740
3595,3280
3596,710
3597,1600
3598,660
3599,92990
3600,1180
3601,17170
3602,1190
3603,2680
3604,1190
3605,5110
3606,1120
3607,103860
3608,1150
3609,2470
3610,1230
3611,35790
3612,1020
3613,103290
3614,990
3615,2320
3616,950
3617,102400
3618,900
3619,6720
3620,1190
3621,2420
3622,1330
3623,102060
3624,1200
3625,4360
3626,1290
3627,2270
3628,1120
3629,27190
3630,1160
3631,106030
3632,1060
3633,2600
3634,1000
3635,4350
3636,960
3637,101840
3638,980
3639,2280
3640,1150
3641,12930
3642,1170
3643,103020
3644,1150
3645,2440
3646,1070
3647,6890
3648,1050
3649,75140
3650,1020
3651,2260
3652,990
3653,16150
3654,960
3655,4420
3656,930
3657,2090
3658,880
3659,102380
3660,1110
3661,7240
3662,1120
3663,2580
3664,1090
3665,4680
3666,1060
3667,26970
3668,1040
3669,2360
3670,990
3671,101080
3672,960
3673,100600
3674,940
3675,2370
3676,870
3677,99320
3678,860
3679,15070
3680,1070
3681,2430
3682,1120
3683,45270
3684,1050
3685,4360
3686,1030
3687,2150
3688,980
3689,6480
3690,960
3691,100090
3692,910
3693,2310
3694,880
3695,4270
3696,840
3697,99450
3698,800
3699,2130
3700,1020
3701,104830
3702,1080
3703,6570
3704,1030
3705,2270
3706,1000
3707,12140
3708,940
3709,100230
3710,1090
3711,2050
3712,890
3713,76320
3714,990
3715,3920
3716,840
3717,1880
3718,770
3719,99260
3720,1000
3721,102000
3722,1050
3723,2310
3724,980
3725,4340
3726,1120
3727,102000
3728,920
3729,2170
3730,860
3731,6750
3732,860
3733,101010
3734,830
3735,1980
3736,760
3737,59730
3738,910
3739,100380
3740,1000
3741,2110
3742,980
3743,26090
3744,930
3745,3720
3746,930
3747,1930
3748,1000
3749,34760
3750,960
3751,12500
3752,830
3753,2210
3754,780
3755,3920
3756,750
3757,14840
3758,720
3759,1890
3760,920
3761,101210
3762,940
3763,86510
3764,910
3765,2040
3766,870
3767,106730
3768,1020
3769,109700
3770,820
3771,1900
3772,910
3773,5820
3774,740
3775,3850
3776,710
3777,1700
3778,650
3779,100250
3780,990
3781,27190
3782,900
3783,2190
3784,850
3785,4030
3786,820
3787,6190
3788,790
3789,2170
3790,780
3791,22550
3792,720
3793,101990
3794,710
3795,1960
3796,660
3797,101940
3798,640
3799,45360
3800,1470
3801,2490
3802,1300
3803,107270
3804,1170
3805,4170
3806,1060
3807,2190
3808,1090
3809,15190
3810,1030
3811,62270
3812,980
3813,2180
3814,980
3815,4040
3816,1050
3817,11510
3818,940
3819,1990
3820,1150
3821,106690
3822,1190
3823,102200
3824,1150
3825,2320
3826,1120
3827,70060
3828,1100
3829,5660
3830,1180
3831,2030
3832,980
3833,100480
3834,950
3835,3590
3836,940
3837,1980
3838,870
3839,10360
3840,1140
3841,33100
3842,1130
3843,2430
3844,1090
3845,4310
3846,1170
3847,106890
3848,1010
3849,2090
3850,1040
3851,104560
3852,970
3853,104390
3854,1060
3855,2050
3856,870
3857,6010
3858,990
3859,21830
3860,1080
3861,2070
3862,1070
3863,103710
3864,1090
3865,3680
3866,1010
3867,1900
3868,1010
3869,91190
3870,940
3871,5820
3872,920
3873,2350
3874,900
3875,3730
3876,830
3877,106090
3878,860
3879,1920
3880,1060
3881,102750
3882,1100
3883,11090
3884,1010
3885,2040
3886,970
3887,14390
3888,950
3889,101430
3890,940
3891,1850
3892,880
3893,20770
3894,870
3895,3490
3896,800
3897,1700
3898,780
3899,5110
3900,1000
3901,77950
3902,1000
3903,2370
3904,960
3905,4060
3906,1070
3907,102790
3908,970
3909,2210
3910,860
3911,103860
3912,830
3913,5680
3914,820
3915,2230
3916,780
3917,102730
3918,740
3919,102410
3920,970
3921,2310
3922,970
3923,104620
3924,960
3925,3940
3926,900
3927,2010
3928,880
3929,104120
3930,860
3931,103860
3932,850
3933,2190
3934,760
3935,3870
3936,750
3937,47320
3938,690
3939,2050
3940,930
3941,5830
3942,970
3943,102580
3944,890
3945,2310
3946,990
3947,105410
3948,900
3949,10140
3950,800
3951,1970
3952,780
3953,94870
3954,730
3955,3430
3956,700
3957,1950
3958,680
3959,60410
3960,870
3961,22350
3962,900
3963,2310
3964,1010
3965,3890
3966,830
3967,103410
3968,790
3969,2070
3970,750
3971,11000
3972,760
3973,46260
3974,780
3975,2120
3976,820
3977,72060
3978,810
3979,31960
3980,850
3981,2020
3982,860
3983,5490
3984,1100
3985,3710
3986,970
3987,2050
3988,850
3989,105480
3990,750
3991,13980
3992,840
3993,2040
3994,650
3995,3210
3996,610
3997,5260
3998,580
3999,1820
4000,1430
4001,109920
4002,1440
4003,109850
4004,1400
4005,2770
4006,1350
4007,112150
4008,1310
4009,27800
4010,1350
4011,2390
4012,1410
4013,107260
4014,1220
4015,4940
4016,1180
4017,2200
4018,1110
4019,106530
4020,1430
4021,110580
4022,1430
4023,2850
4024,1380
4025,5010
4026,1380
4027,106380
4028,1340
4029,2710
4030,1270
4031,45180
4032,1260
4033,60850
4034,1400
4035,2380
4036,1220
4037,12240
4038,1160
4039,6410
4040,1400
4041,2460
4042,1560
4043,16010
4044,1380
4045,4870
4046,1360
4047,2350
4048,1280
4049,104660
4050,1260
4051,106300
4052,1220
4053,2500
4054,1180
4055,5190
4056,1180
4057,109080
4058,1150
4059,2270
4060,1320
4061,49430
4062,1370
4063,22930
4064,1390
4065,2420
4066,1300
4067,6840
4068,1230
4069,15470
4070,1370
4071,2290
4072,1200
4073,106040
4074,1140
4075,4520
4076,1130
4077,2070
4078,1250
4079,105340
4080,1320
4081,7020
4082,1320
4083,2590
4084,1410
4085,5300
4086,1380
4087,105570
4088,1240
4089,2360
4090,1190
4091,106920
4092,1200
4093,107540
4094,1140
4095,2170
4096,1080
4097,23010
4098,1040
4099,107710
4100,1250
4101,2290
4102,1250
4103,12670
4104,1230
4105,4780
4106,1190
4107,2170
4108,1190
4109,6390
4110,1150
4111,108170
4112,1090
4113,2300
4114,1080
4115,4650
4116,1090
4117,32270
4118,1070
4119,2250
4120,1220
4121,15710
4122,1230
4123,6410
4124,1200
4125,2230
4126,1320
4127,110100
4128,1120
4129,105380
4130,1100
4131,2220
4132,1110
4133,109570
4134,1050
4135,4260
4136,990
4137,2040
4138,1000
4139,104930
4140,1210
4141,67740
4142,1190
4143,2380
4144,1280
4145,4350
4146,1160
4147,11740
4148,1090
4149,2310
4150,1050
4151,6260
4152,1180
4153,108980
4154,1280
4155,2230
4156,1040
4157,106200
4158,940
4159,104920
4160,1150
4161,2300
4162,1150
4163,32420
4164,1130
4165,4420
4166,1240
4167,1940
4168,1100
4169,11410
4170,1030
4171,69900
4172,1000
4173,2100
4174,1110
4175,4540
4176,1060
4177,108710
4178,900
4179,1940
4180,1110
4181,59480
4182,1290
4183,76690
4184,1080
4185,2240
4186,1040
4187,89430
4188,1010
4189,95720
4190,1000
4191,1990
4192,960
4193,5260
4194,920
4195,3850
4196,950
4197,1690
4198,840
4199,14040
4200,1450
4201,115460
4202,1440
4203,3050
4204,1390
4205,5450
4206,1500
4207,7570
4208,1330
4209,2730
4210,1340
4211,114560
4212,1400
4213,12840
4214,1230
4215,2400
4216,1190
4217,110880
4218,1290
4219,109750
4220,1450
4221,2570
4222,1450
4223,70740
4224,1390
4225,4740
4226,1350
4227,2450
4228,1370
4229,110680
4230,1460
4231,111080
4232,1290
4233,2670
4234,1250
4235,4700
4236,1220
4237,27690
4238,1170
4239,2430
4240,1410
4241,111030
4242,1430
4243,111230
4244,1610
4245,2870
4246,1550
4247,51840
4248,1300
4249,6760
4250,1440
4251,2550
4252,1220
4253,110510
4254,1190
4255,4530
4256,1160
4257,2410
4258,1150
4259,110290
4260,1390
4261,110230
4262,1420
4263,2720
4264,1460
4265,4750
4266,1300
4267,22580
4268,1250
4269,2500
4270,1240
4271,108980
4272,1200
4273,112820
4274,1200
4275,2470
4276,1140
4277,6830
4278,1120
4279,11620
4280,1330
4281,2380
4282,1380
4283,108130
4284,1300
4285,4540
4286,1280
4287,2330
4288,1220
4289,106590
4290,1180
4291,6830
4292,1180
4293,2410
4294,1130
4295,4480
4296,1070
4297,107520
4298,1050
4299,2280
4300,1320
4301,12860
4302,1290
4303,15790
4304,1240
4305,2500
4306,1360
4307,97960
4308,1380
4309,46580
4310,1170
4311,2440
4312,1110
4313,24950
4314,1100
4315,4250
4316,1090
4317,2050
4318,1000
4319,6110
4320,1260
4321,45930
4322,1280
4323,2540
4324,1210
4325,4870
4326,1210
4327,111010
4328,1160
4329,2410
4330,1130
4331,103760
4332,1100
4333,6320
4334,1290
4335,2170
4336,1020
4337,109390
4338,970
4339,111210
4340,1290
4341,2230
4342,1360
4343,72890
4344,1180
4345,3950
4346,1360
4347,2090
4348,1110
4349,114530
4350,1380
4351,27170
4352,1110
4353,2390
4354,1000
4355,4180
4356,1010
4357,110860
4358,940
4359,2220
4360,1150
4361,6590
4362,1320
4363,110550
4364,1130
4365,2260
4366,1100
4367,11360
4368,1110
4369,21710
4370,1070
4371,2020
4372,1010
4373,109580
4374,980
4375,3840
4376,1080
4377,1850
4378,930
4379,42120
4380,1130
4381,14910
4382,1280
4383,2590
4384,1240
4385,4560
4386,1180
4387,68220
4388,1030
4389,2150
4390,990
4391,107630
4392,950
4393,32810
4394,1070
4395,2320
4396,980
4397,108090
4398,890
4399,84160
4400,1390
4401,2340
4402,1550
4403,6730
4404,1390
4405,4800
4406,1360
4407,2200
4408,1290
4409,111400
4410,1270
4411,13140
4412,1230
4413,2360
4414,1380
4415,4560
4416,1160
4417,6920
4418,1140
4419,2220
4420,1410
4421,114380
4422,1430
4423,117660
4424,1420
4425,2330
4426,1340
4427,26390
4428,1310
4429,72700
4430,1300
4431,2350
4432,1220
4433,11910
4434,1230
4435,4140
4436,1140
4437,2000
4438,1200
4439,33420
4440,1550
4441,112870
4442,1380
4443,2570
4444,1340
4445,4700
4446,1310
4447,112470
4448,1250
4449,2460
4450,1210
4451,111520
4452,1190
4453,105940
4454,1180
4455,2090
4456,1120
4457,110650
4458,1110
4459,6440
4460,1320
4461,2240
4462,1320
4463,110940
4464,1270
4465,4390
4466,1320
4467,2090
4468,1380
4469,66650
4470,1220
4471,21280
4472,1160
4473,2240
4474,1140
4475,4170
4476,1230
4477,11010
4478,1040
4479,2010
4480,1260
4481,115170
4482,1270
4483,114460
4484,1260
4485,2330
4486,1240
4487,6270
4488,1360
4489,114100
4490,1150
4491,1990
4492,1150
4493,111270
4494,1110
4495,3900
4496,1080
4497,1840
4498,1000
4499,10740
4500,1230
4501,7180
4502,1420
4503,2610
4504,1180
4505,4950
4506,1350
4507,118920
4508,1170
4509,2410
4510,1130
4511,17450
4512,1190
4513,118120
4514,1040
4515,2240
4516,1010
4517,119620
4518,1010
4519,115420
4520,1200
4521,2300
4522,1260
4523,114460
4524,1180
4525,4660
4526,1140
4527,2320
4528,1130
4529,6390
4530,1240
4531,33480
4532,1040
4533,2420
4534,1020
4535,4710
4536,970
4537,14910
4538,940
4539,2190
4540,1170
4541,25610
4542,1190
4543,6260
4544,1170
4545,2440
4546,1110
4547,111210
4548,1110
4549,110530
4550,1030
4551,2130
4552,1170
4553,42650
4554,1010
4555,4310
4556,930
4557,2120
4558,920
4559,77010
4560,1280
4561,113560
4562,1130
4563,2460
4564,1090
4565,4990
4566,1060
4567,115270
4568,1040
4569,2290
4570,1070
4571,7080
4572,990
4573,23080
4574,920
4575,2330
4576,970
4577,33220
4578,870
4579,28870
4580,1230
4581,2520
4582,1440
4583,112900
4584,1120
4585,4210
4586,1060
4587,2040
4588,1040
4589,14600
4590,960
4591,111950
4592,950
4593,2150
4594,910
4595,4130
4596,1000
4597,111360
4598,880
4599,1990
4600,1340
4601,72450
4602,1610
4603,118550
4604,1480
4605,2480
4606,1270
4607,22250
4608,1260
4609,12100
4610,1260
4611,2300
4612,1180
4613,6400
4614,1170
4615,4580
4616,1100
4617,2240
4618,1060
4619,46330
4620,1490
4621,115800
4622,1350
4623,2740
4624,1340
4625,4730
4626,1300
4627,6880
4628,1290
4629,2380
4630,1410
4631,12240
4632,1210
4633,68200
4634,1190
4635,2210
4636,1140
4637,116630
4638,1230
4639,120310
4640,1320
4641,2370
4642,1620
4643,117070
4644,1280
4645,4500
4646,1280
4647,2190
4648,1220
4649,118330
4650,1210
4651,115900
4652,1160
4653,2320
4654,1120
4655,4640
4656,1100
4657,115000
4658,1050
4659,2150
4660,1280
4661,98870
4662,1310
4663,115540
4664,1270
4665,2280
4666,1230
4667,14660
4668,1230
4669,6030
4670,1170
4671,2280
4672,1160
4673,113710
4674,1130
4675,4150
4676,1040
4677,1920
4678,1000
4679,111940
4680,1240
4681,48280
4682,1250
4683,2570
4684,1220
4685,4520
4686,1200
4687,72640
4688,1160
4689,2230
4690,1120
4691,115820
4692,1090
4693,14710
4694,1070
4695,2160
4696,1030
4697,5890
4698,1000
4699,58470
4700,1210
4701,2410
4702,1210
4703,115270
4704,1310
4705,4180
4706,1120
4707,1970
4708,1100
4709,21390
4710,1080
4711,6070
4712,1040
4713,2260
4714,990
4715,4080
4716,990
4717,87390
4718,960
4719,2020
4720,1180
4721,114440
4722,1170
4723,118820
4724,1150
4725,2100
4726,1100
4727,44410
4728,1220
4729,114650
4730,1040
4731,2050
4732,1000
4733,114890
4734,980
4735,3930
4736,930
4737,1760
4738,880
4739,5300
4740,1140
4741,11310
4742,1110
4743,2220
4744,1110
4745,4070
4746,1050
4747,76720
4748,1040
4749,2000
4750,980
4751,113170
4752,1010
4753,5650
4754,920
4755,1840
4756,930
4757,109210
4758,890
4759,111510
4760,1100
4761,1920
4762,1140
4763,11090
4764,1070
4765,4120
4766,1050
4767,1790
4768,1010
4769,24270
4770,950
4771,13840
4772,970
4773,1940
4774,890
4775,4070
4776,840
4777,20200
4778,820
4779,1740
4780,1050
4781,5750
4782,1050
4783,113910
4784,1190
4785,1870
4786,990
4787,113570
4788,950
4789,115750
4790,910
4791,1730
4792,890
4793,113740
4794,880
4795,3300
4796,830
4797,1560
4798,810
4799,111390
4800,1300
4801,122800
4802,1430
4803,2560
4804,1420
4805,4900
4806,1230
4807,12410
4808,1370
4809,2450
4810,1170
4811,23670
4812,1140
4813,122520
4814,1120
4815,2230
4816,1060
4817,118800
4818,1110
4819,104340
4820,1350
4821,2360
4822,1350
4823,6710
4824,1450
4825,5120
4826,1420
4827,2510
4828,1420
4829,12720
4830,1470
4831,120340
4832,1180
4833,2460
4834,1100
4835,4350
4836,1070
4837,6150
4838,1080
4839,2400
4840,1300
4841,83130
4842,1440
4843,47230
4844,1290
4845,2400
4846,1230
4847,60680
4848,1170
4849,15380
4850,1150
4851,2370
4852,1100
4853,34090
4854,1090
4855,4580
4856,1050
4857,2020
4858,1000
4859,75680
4860,1260
4861,119740
4862,1240
4863,2520
4864,1230
4865,4770
4866,1190
4867,48840
4868,1150
4869,2310
4870,1130
4871,118420
4872,1070
4873,11500
4874,1180
4875,2200
4876,1010
4877,116330
4878,980
4879,5820
4880,1200
4881,2370
4882,1440
4883,25270
4884,1170
4885,4490
4886,1170
4887,2080
4888,1090
4889,116060
4890,1170
4891,110890
4892,1070
4893,2200
4894,1130
4895,4210
4896,960
4897,96640
4898,920
4899,2060
4900,1180
4901,15500
4902,1160
4903,121910
4904,1140
4905,2200
4906,1250
4907,6540
4908,1080
4909,118580
4910,1150
4911,2420
4912,1130
4913,23570
4914,1100
4915,4090
4916,920
4917,1860
4918,870
4919,116410
4920,1130
4921,6720
4922,1300
4923,2280
4924,1110
4925,4330
4926,1070
4927,15190
4928,1060
4929,2100
4930,1010
4931,117810
4932,980
4933,117450
4934,980
4935,1980
4936,1070
4937,120670
4938,850
4939,10880
4940,1080
4941,2060
4942,1080
4943,117900
4944,1130
4945,3930
4946,1020
4947,1900
4948,1030
4949,5880
4950,960
4951,119610
4952,930
4953,2060
4954,890
4955,4010
4956,1040
4957,118830
4958,990
4959,1840
4960,1040
4961,11760
4962,1050
4963,6200
4964,1040
4965,2000
4966,1060
4967,119510
4968,980
4969,118490
4970,930
4971,1840
4972,1050
4973,118470
4974,860
4975,3650
4976,820
4977,1700
4978,780
4979,14710
4980,1000
4981,22500
4982,1040
4983,2080
4984,1230
4985,3810
4986,940
4987,121880
4988,920
4989,2140
4990,870
4991,5870
4992,830
4993,116790
4994,830
4995,1750
4996,770
4997,26560
4998,860
4999,117050
5000,1290
5001,2100
5002,1350
5003,120110
5004,1220
5005,5020
5006,1240
5007,2050
5008,1150
5009,119630
5010,1310
5011,119280
5012,1290
5013,2160
5014,1050
5015,4780
5016,1210
5017,43140
5018,1050
5019,1960
5020,1300
5021,121860
5022,1430
5023,118540
5024,1260
5025,2130
5026,1240
5027,11880
5028,1200
5029,77300
5030,1140
5031,2020
5032,1260
5033,6180
5034,1090
5035,4280
5036,1040
5037,1840
5038,1040
5039,116560
5040,1310
5041,120810
5042,1250
5043,2290
5044,1340
5045,4650
5046,1200
5047,6930
5048,1190
5049,2070
5050,1120
5051,120730
5052,1090
5053,47460
5054,1050
5055,2080
5056,990
5057,15230
5058,1000
5059,120600
5060,1370
5061,2010
5062,1200
5063,103770
5064,1230
5065,4580
5066,1120
5067,1980
5068,1110
5069,59830
5070,1070
5071,12210
5072,1060
5073,1990
5074,1000
5075,4330
5076,1120
5077,120820
5078,960
5079,1830
5080,1160
5081,120630
5082,1170
5083,15440
5084,1160
5085,2010
5086,1110
5087,120020
5088,1120
5089,6210
5090,1080
5091,1860
5092,990
5093,11340
5094,960
5095,4050
5096,1010
5097,1650
5098,1010
5099,121890
5100,1120
5101,122970
5102,1130
5103,2510
5104,1100
5105,4870
5106,1090
5107,122630
5108,1040
5109,2270
5110,1000
5111,26610
5112,950
5113,125380
5114,970
5115,2200
5116,890
5117,6410
5118,1050
5119,120800
5120,1080
5121,2280
5122,1220
5123,83510
5124,1210
5125,4480
5126,1020
5127,1940
5128,980
5129,33150
5130,960
5131,6670
5132,930
5133,2150
5134,900
5135,4460
5136,1000
5137,11810
5138,820
5139,2000
5140,1050
5141,90030
5142,1040
5143,58770
5144,1010
5145,2100
5146,1120
5147,120250
5148,980
5149,24910
5150,900
5151,2070
5152,890
5153,119430
5154,860
5155,4210
5156,810
5157,1770
5158,800
5159,5830
5160,1010
5161,15020
5162,1030
5163,2250
5164,970
5165,4810
5166,930
5167,119660
5168,920
5169,2050
5170,880
5171,120650
5172,900
5173,6310
5174,860
5175,1870
5176,800
5177,45560
5178,720
5179,119120
5180,990
5181,1970
5182,960
5183,118060
5184,930
5185,4260
5186,920
5187,1860
5188,870
5189,123190
5190,920
5191,42940
5192,820
5193,1980
5194,780
5195,3940
5196,880
5197,118930
5198,910
5199,1770
5200,1200
5201,6990
5202,1250
5203,12280
5204,1200
5205,2230
5206,1160
5207,66630
5208,1170
5209,122220
5210,1250
5211,2030
5212,1050
5213,15610
5214,1160
5215,4540
5216,990
5217,1940
5218,940
5219,22400
5220,1230
5221,33420
5222,1240
5223,2520
5224,1200
5225,4790
5226,1200
5227,122880
5228,1170
5229,2180
5230,1120
5231,122510
5232,1090
5233,121810
5234,1040
5235,2040
5236,1010
5237,124420
5238,970
5239,15380
5240,1190
5241,2290
5242,1240
5243,6380
5244,1170
5245,4650
5246,1150
5247,1960
5248,1120
5249,42120
5250,1060
5251,99640
5252,1060
5253,2120
5254,1000
5255,4870
5256,960
5257,6520
5258,930
5259,2160
5260,1170
5261,120850
5262,1170
5263,24860
5264,1320
5265,2090
5266,1080
5267,31420
5268,1060
5269,10920
5270,1640
5271,1960
5272,990
5273,120210
5274,960
5275,4230
5276,910
5277,1860
5278,900
5279,119610
5280,1130
5281,123920
5282,1140
5283,2420
5284,1090
5285,4680
5286,1040
5287,22730
5288,1060
5289,2040
5290,1000
5291,11470
5292,980
5293,116730
5294,950
5295,1810
5296,990
5297,122440
5298,850
5299,5730
5300,1080
5301,2040
5302,1130
5303,123120
5304,1040
5305,4510
5306,1020
5307,1770
5308,1020
5309,122010
5310,950
5311,78000
5312,920
5313,1910
5314,1060
5315,4260
5316,870
5317,14750
5318,830
5319,1800
5320,1060
5321,22430
5322,1050
5323,123920
5324,1030
5325,1880
5326,980
5327,6240
5328,980
5329,124100
5330,940
5331,1850
5332,900
5333,129380
5334,980
5335,4430
5336,920
5337,1730
5338,1050
5339,27090
5340,1050
5341,6190
5342,1020
5343,2030
5344,980
5345,4270
5346,950
5347,123640
5348,940
5349,1940
5350,940
5351,122840
5352,890
5353,90260
5354,800
5355,1640
5356,940
5357,10380
5358,730
5359,31230
5360,970
5361,1720
5362,1010
5363,47180
5364,1100
5365,4810
5366,1010
5367,1870
5368,960
5369,6470
5370,960
5371,64930
5372,850
5373,1750
5374,910
5375,4030
5376,730
5377,23210
5378,720
5379,1750
5380,920
5381,119930
5382,920
5383,5430
5384,910
5385,1840
5386,860
5387,120690
5388,870
5389,19380
5390,800
5391,1510
5392,770
5393,119120
5394,760
5395,3590
5396,710
5397,1350
5398,660
5399,118310
5400,1180
5401,12460
5402,1200
5403,2390
5404,1310
5405,4740
5406,1100
5407,127760
5408,1080
5409,2180
5410,1040
5411,6790
5412,1020
5413,124320
5414,980
5415,2010
5416,1000
5417,126410
5418,930
5419,125660
5420,1520
5421,2440
5422,1370
5423,13270
5424,1180
5425,4420
5426,1130
5427,2050
5428,1130
5429,102560
5430,1070
5431,123670
5432,1040
5433,2240
5434,1130
5435,4200
5436,1030
5437,124700
5438,930
5439,2030
5440,1160
5441,124200
5442,1350
5443,124320
5444,1160
5445,2190
5446,1080
5447,14480
5448,1050
5449,123250
5450,1030
5451,2150
5452,1000
5453,5880
5454,940
5455,4380
5456,910
5457,1860
5458,920
5459,88280
5460,1110
5461,70640
5462,1130
5463,2440
5464,1090
5465,4400
5466,1050
5467,6560
5468,1040
5469,2160
5470,1000
5471,124420
5472,950
5473,14640
5474,930
5475,1950
5476,910
5477,125090
5478,1040
5479,125610
5480,1150
5481,2060
5482,1210
5483,124170
5484,1060
5485,4310
5486,1040
5487,1930
5488,980
5489,10260
5490,950
5491,21090
5492,920
5493,2220
5494,880
5495,4000
5496,850
5497,30760
5498,840
5499,2030
5500,1030
5501,127130
5502,1070
5503,127010
5504,1080
5505,2380
5506,1000
5507,130810
5508,950
5509,5970
5510,1070
5511,1810
5512,900
5513,57810
5514,840
5515,4050
5516,840
5517,1670
5518,810
5519,125830
5520,1190
5521,130060
5522,1010
5523,2240
5524,980
5525,4510
5526,970
5527,126870
5528,910
5529,1990
5530,910
5531,128440
5532,980
5533,12290
5534,850
5535,1750
5536,770
5537,6160
5538,730
5539,43500
5540,960
5541,1870
5542,970
5543,32180
5544,940
5545,3940
5546,900
5547,1720
5548,860
5549,45800
5550,830
5551,6250
5552,820
5553,1840
5554,800
5555,4310
5556,770
5557,124460
5558,730
5559,1660
5560,910
5561,112400
5562,950
5563,124200
5564,990
5565,2000
5566,900
5567,24060
5568,830
5569,122980
5570,1000
5571,1660
5572,750
5573,122480
5574,730
5575,4120
5576,710
5577,1470
5578,650
5579,5340
5580,1050
5581,123670
5582,920
5583,1900
5584,850
5585,4210
5586,850
5587,55200
5588,820
5589,1900
5590,750
5591,122660
5592,760
5593,5580
5594,690
5595,1580
5596,640
5597,40840
5598,630
5599,9940
5600,1150
5601,1980
5602,1290
5603,16110
5604,1110
5605,4860
5606,1070
5607,1830
5608,1080
5609,123520
5610,1010
5611,49660
5612,1000
5613,1980
5614,990
5615,4710
5616,920
5617,67740
5618,1030
5619,1800
5620,1170
5621,6770
5622,1160
5623,129130
5624,1150
5625,1970
5626,1090
5627,22970
5628,1070
5629,15330
5630,1020
5631,1790
5632,990
5633,70050
5634,970
5635,4150
5636,940
5637,1620
5638,890
5639,127550
5640,1140
5641,128780
5642,1170
5643,2050
5644,1130
5645,4700
5646,1070
5647,127910
5648,1040
5649,1960
5650,980
5651,128070
5652,1050
5653,128610
5654,930
5655,1740
5656,900
5657,127420
5658,860
5659,126790
5660,1090
5661,1840
5662,1080
5663,6450
5664,1040
5665,4460
5666,1050
5667,1670
5668,990
5669,125750
5670,970
5671,89300
5672,940
5673,1780
5674,920
5675,4150
5676,1000
5677,6130
5678,840
5679,1630
5680,1210
5681,15160
5682,1050
5683,126200
5684,1010
5685,1800
5686,1000
5687,11660
5688,1080
5689,124420
5690,930
5691,1630
5692,900
5693,124900
5694,830
5695,3890
5696,800
5697,1570
5698,780
5699,61920
5700,990
5701,128080
5702,1010
5703,2190
5704,980
5705,4790
5706,920
5707,15150
5708,920
5709,2160
5710,860
5711,127080
5712,980
5713,42480
5714,820
5715,1800
5716,770
5717,128610
5718,740
5719,6600
5720,1080
5721,2170
5722,1150
5723,107980
5724,960
5725,4520
5726,900
5727,1790
5728,900
5729,21520
5730,830
5731,11850
5732,960
5733,2010
5734,800
5735,4260
5736,720
5737,127720
5738,760
5739,2030
5740,1190
5741,132700
5742,930
5743,126520
5744,920
5745,1960
5746,850
5747,6220
5748,880
5749,132830
5750,800
5751,1830
5752,760
5753,11120
5754,880
5755,4070
5756,730
5757,1570
5758,680
5759,14070
5760,880
5761,6520
5762,1060
5763,2040
5764,850
5765,4510
5766,820
5767,125930
5768,810
5769,1820
5770,760
5771,44780
5772,740
5773,32630
5774,680
5775,1690
5776,800
5777,90270
5778,650
5779,129540
5780,870
5781,1750
5782,860
5783,129740
5784,840
5785,3920
5786,940
5787,1630
5788,770
5789,5510
5790,720
5791,129330
5792,690
5793,1920
5794,670
5795,3790
5796,640
5797,10350
5798,590
5799,1640
5800,1280
5801,131070
5802,1140
5803,6210
5804,1230
5805,2060
5806,1030
5807,131170
5808,1030
5809,58630
5810,1010
5811,1860
5812,980
5813,131320
5814,930
5815,4120
5816,900
5817,1710
5818,840
5819,10970
5820,1150
5821,129490
5822,1140
5823,2160
5824,1080
5825,4490
5826,1060
5827,128890
5828,1060
5829,2070
5830,990
5831,6150
5832,980
5833,24190
5834,980
5835,1820
5836,1010
5837,14690
5838,1010
5839,131120
5840,1100
5841,2090
5842,1100
5843,127950
5844,1050
5845,4020
5846,1110
5847,1770
5848,990
5849,127210
5850,1030
5851,129180
5852,920
5853,2070
5854,880
5855,4250
5856,850
5857,127940
5858,800
5859,1780
5860,1030
5861,127560
5862,1040
5863,11120
5864,1040
5865,2020
5866,980
5867,126570
5868,950
5869,126780
5870,940
5871,1720
5872,1020
5873,5310
5874,840
5875,3860
5876,820
5877,1520
5878,830
5879,133960
5880,1000
5881,129310
5882,1170
5883,2030
5884,1020
5885,4150
5886,950
5887,6270
5888,920
5889,1810
5890,900
5891,67870
5892,850
5893,118710
5894,830
5895,1660
5896,760
5897,127720
5898,750
5899,20090
5900,990
5901,1860
5902,960
5903,129200
5904,940
5905,3870
5906,900
5907,1610
5908,1020
5909,23660
5910,820
5911,30400
5912,800
5913,1730
5914,770
5915,3950
5916,720
5917,101870
5918,680
5919,1590
5920,900
5921,45240
5922,970
5923,130320
5924,1060
5925,1920
5926,1130
5927,131800
5928,830
5929,5270
5930,790
5931,1760
5932,800
5933,19600
5934,730
5935,3470
5936,680
5937,1410
5938,650
5939,134640
5940,900
5941,13540
5942,920
5943,1920
5944,860
5945,3700
5946,840
5947,24050
5948,790
5949,1680
5950,750
5951,10770
5952,740
5953,129330
5954,690
5955,1540
5956,680
5957,5420
5958,620
5959,99730
5960,1020
5961,1730
5962,990
5963,117450
5964,820
5965,3850
5966,800
5967,1440
5968,760
5969,73790
5970,720
5971,5560
5972,700
5973,1550
5974,640
5975,3820
5976,630
5977,65040
5978,590
5979,1350
5980,970
5981,128900
5982,970
5983,44260
5984,780
5985,1540
5986,740
5987,127530
5988,710
5989,85510
5990,690
5991,1330
5992,650
5993,12010
5994,700
5995,3080
5996,590
5997,1170
5998,530
5999,4290
6000,1370
6001,24340
6002,1400
6003,2760
6004,1350
6005,5580
6006,1310
6007,135070
6008,1280
6009,2630
6010,1240
6011,135080
6012,1230
6013,7490
6014,1210
6015,2450
6016,1110
6017,12750
6018,1420
6019,17730
6020,1570
6021,3000
6022,1570
6023,30400
6024,1370
6025,5060
6026,1330
6027,2470
6028,1280
6029,133620
6030,1250
6031,60050
6032,1230
6033,2670
6034,1190
6035,5110
6036,1130
6037,144140
6038,1200
6039,2750
6040,1440
6041,7890
6042,1450
6043,139720
6044,1360
6045,2730
6046,1380
6047,138640
6048,1360
6049,33640
6050,1250
6051,2470
6052,1180
6053,133170
6054,1130
6055,5140
6056,1140
6057,2420
6058,1070
6059,124210
6060,1280
6061,13090
6062,1290
6063,2720
6064,1280
6065,5420
6066,1250
6067,131980
6068,1210
6069,2570
6070,1350
6071,15580
6072,1150
6073,131450
6074,1250
6075,2380
6076,1060
6077,100270
6078,1030
6079,130170
6080,1280
6081,2420
6082,1420
6083,7150
6084,1250
6085,5030
6086,1210
6087,2330
6088,1150
6089,132720
6090,1130
6091,132590
6092,1120
6093,2430
6094,1260
6095,4790
6096,1030
6097,7060
6098,1000
6099,2250
6100,1220
6101,133880
6102,1250
6103,22190
6104,1300
6105,2400
6106,1330
6107,47090
6108,1120
6109,64320
6110,1110
6111,2250
6112,1060
6113,133510
6114,1070
6115,4570
6116,990
6117,2250
6118,980
6119,43240
6120,1190
6121,136390
6122,1200
6123,2500
6124,1210
6125,5150
6126,1130
6127,12600
6128,1090
6129,2540
6130,1050
6131,134560
6132,1030
6133,136450
6134,990
6135,2160
6136,960
6137,22300
6138,940
6139,6550
6140,1310
6141,2240
6142,1150
6143,133840
6144,1140
6145,4540
6146,1130
6147,2140
6148,1050
6149,11100
6150,1170
6151,136850
6152,990
6153,2390
6154,970
6155,5080
6156,1080
6157,82500
6158,900
6159,2100
6160,1110
6161,107370
6162,1140
6163,135460
6164,1250
6165,2230
6166,1080
6167,7020
6168,1030
6169,47410
6170,990
6171,2090
6172,950
6173,133650
6174,920
6175,4450
6176,870
6177,1910
6178,870
6179,56690
6180,1070
6181,6960
6182,1100
6183,2310
6184,1050
6185,4630
6186,1010
6187,32010
6188,970
6189,2140
6190,980
6191,64090
6192,920
6193,11040
6194,890
6195,1990
6196,880
6197,135420
6198,830
6199,131120
6200,1400
6201,2580
6202,1400
6203,134250
6204,1340
6205,5020
6206,1320
6207,2290
6208,1310
6209,6900
6210,1300
6211,134440
6212,1250
6213,2410
6214,1250
6215,4890
6216,1150
6217,133700
6218,1100
6219,2430
6220,1430
6221,133220
6222,1420
6223,6710
6224,1390
6225,2430
6226,1320
6227,14480
6228,1290
6229,132440
6230,1260
6231,2400
6232,1240
6233,30800
6234,1190
6235,4220
6236,1140
6237,2220
6238,1100
6239,20090
6240,1360
6241,134930
6242,1500
6243,2540
6244,1320
6245,4790
6246,1310
6247,135120
6248,1280
6249,2500
6250,1270
6251,6850
6252,1350
6253,15230
6254,1200
6255,2170
6256,1260
6257,135240
6258,1140
6259,11190
6260,1370
6261,2450
6262,1310
6263,135190
6264,1450
6265,4360
6266,1280
6267,2190
6268,1230
6269,134470
6270,1180
6271,135480
6272,1160
6273,2320
6274,1170
6275,4450
6276,1070
6277,134130
6278,1050
6279,2450
6280,1610
6281,12480
6282,1460
6283,108470
6284,1250
6285,2280
6286,1200
6287,133900
6288,1230
6289,24490
6290,1470
6291,2390
6292,1220
6293,6710
6294,1250
6295,4490
6296,1160
6297,2280
6298,1190
6299,144440
6300,1270
6301,139740
6302,1250
6303,2870
6304,1200
6305,4850
6306,1190
6307,7290
6308,1180
6309,2600
6310,1120
6311,138110
6312,1250
6313,103040
6314,1060
6315,2420
6316,1000
6317,137410
6318,990
6319,123380
6320,1200
6321,2460
6322,1210
6323,137980
6324,1220
6325,4480
6326,1140
6327,2310
6328,1130
6329,137460
6330,1060
6331,14990
6332,1070
6333,2660
6334,1020
6335,4480
6336,970
6337,141210
6338,1050
6339,2600
6340,1320
6341,23760
6342,1520
6343,135210
6344,1170
6345,2610
6346,1150
6347,11400
6348,1060
6349,6340
6350,1060
6351,2340
6352,1000
6353,134580
6354,1030
6355,4210
6356,970
6357,2120
6358,880
6359,133440
6360,1110
6361,136090
6362,1140
6363,2540
6364,1100
6365,4830
6366,1050
6367,134200
6368,1060
6369,2380
6370,1180
6371,31340
6372,970
6373,139970
6374,970
6375,2200
6376,900
6377,6770
6378,870
6379,132950
6380,1070
6381,2410
6382,1140
6383,14570
6384,1090
6385,4250
6386,1020
6387,2140
6388,1040
6389,135430
6390,1060
6391,7210
6392,1080
6393,2610
6394,990
6395,4610
6396,980
6397,135110
6398,850
6399,2290
6400,1390
6401,59190
6402,1350
6403,26170
6404,1490
6405,2500
6406,1280
6407,69420
6408,1270
6409,16060
6410,1200
6411,2360
6412,1190
6413,12430
6414,1350
6415,4630
6416,1120
6417,2160
6418,1110
6419,6570
6420,1340
6421,138480
6422,1400
6423,2860
6424,1320
6425,4800
6426,1310
6427,137320
6428,1340
6429,2530
6430,1390
6431,99610
6432,1200
6433,6580
6434,1280
6435,2360
6436,1110
6437,62740
6438,1100
6439,72970
6440,1310
6441,2380
6442,1330
6443,21650
6444,1280
6445,4720
6446,1250
6447,2260
6448,1270
6449,136110
6450,1240
6451,136180
6452,1150
6453,2460
6454,1110
6455,4870
6456,1090
6457,11610
6458,1050
6459,2230
6460,1450
6461,6870
6462,1290
6463,32140
6464,1230
6465,2380
6466,1230
6467,42180
6468,1210
6469,136000
6470,1170
6471,2240
6472,1250
6473,135660
6474,1110
6475,4300
6476,1060
6477,2040
6478,1040
6479,10470
6480,1230
6481,138860
6482,1250
6483,2670
6484,1220
6485,4660
6486,1170
6487,14620
6488,1140
6489,2300
6490,1130
6491,138500
6492,1070
6493,69290
6494,1030
6495,2200
6496,1010
6497,124880
6498,960
6499,114990
6500,1200
6501,2240
6502,1260
6503,6870
6504,1200
6505,4610
6506,1180
6507,2080
6508,1140
6509,32810
6510,1140
6511,23020
6512,1060
6513,2260
6514,1000
6515,4770
6516,960
6517,6600
6518,940
6519,2260
6520,1180
6521,142140
6522,1240
6523,12190
6524,1360
6525,2210
6526,1120
6527,106730
6528,1140
6529,138930
6530,1090
6531,2060
6532,1000
6533,76360
6534,970
6535,4390
6536,960
6537,2010
6538,900
6539,14500
6540,1120
6541,47160
6542,1130
6543,2340
6544,1130
6545,4540
6546,1060
6547,139400
6548,1030
6549,2140
6550,1000
6551,137510
6552,960
6553,135550
6554,930
6555,1990
6556,890
6557,133250
6558,900
6559,6220
6560,1120
6561,2240
6562,1110
6563,138830
6564,1120
6565,4510
6566,1020
6567,2100
6568,1040
6569,137180
6570,960
6571,137630
6572,1010
6573,2250
6574,890
6575,4400
6576,860
6577,137870
6578,850
6579,1920
6580,1040
6581,136990
6582,1060
6583,41470
6584,1160
6585,2020
6586,980
6587,6170
6588,1120
6589,10640
6590,940
6591,1870
6592,910
6593,23040
6594,850
6595,3930
6596,830
6597,1720
6598,770
6599,134280
6600,1320
6601,7740
6602,1320
6603,2690
6604,1250
6605,5350
6606,1280
6607,142420
6608,1230
6609,2500
6610,1340
6611,13180
6612,1130
6613,22930
6614,1140
6615,2480
6616,1070
6617,15860
6618,1050
6619,140680
6620,1320
6621,2500
6622,1310
6623,57980
6624,1290
6625,4770
6626,1250
6627,2350
6628,1210
6629,6810
6630,1200
6631,25720
6632,1290
6633,2530
6634,1110
6635,4550
6636,1070
6637,144700
6638,1030
6639,2360
6640,1260
6641,43370
6642,1280
6643,7030
6644,1260
6645,2540
6646,1240
6647,22620
6648,1390
6649,104320
6650,1140
6651,2400
6652,1240
6653,140360
6654,1090
6655,4610
6656,1140
6657,2350
6658,1000
6659,139080
6660,1230
6661,149300
6662,1290
6663,2600
6664,1220
6665,4980
6666,1230
6667,101120
6668,1170
6669,2440
6670,1110
6671,7100
6672,1120
6673,139900
6674,1050
6675,2400
6676,1060
6677,11720
6678,970
6679,139440
6680,1220
6681,2360
6682,1210
6683,64330
6684,1170
6685,4390
6686,1300
6687,2230
6688,1100
6689,137310
6690,1080
6691,138070
6692,1050
6693,2340
6694,1060
6695,4550
6696,970
6697,55890
6698,950
6699,2320
6700,1180
6701,138150
6702,1180
6703,138230
6704,1310
6705,2320
6706,1110
6707,24190
6708,1230
6709,137150
6710,1030
6711,2310
6712,990
6713,6240
6714,970
6715,4200
6716,970
6717,1950
6718,910
6719,136770
6720,1140
6721,12590
6722,1150
6723,2580
6724,1090
6725,4610
6726,1050
6727,7100
6728,1060
6729,2420
6730,1020
6731,88070
6732,1140
6733,141640
6734,920
6735,2190
6736,890
6737,140870
6738,840
6739,32100
6740,1100
6741,2160
6742,1090
6743,11610
6744,1050
6745,4090
6746,1070
6747,2040
6748,990
6749,20900
6750,1010
6751,68570
6752,960
6753,2350
6754,870
6755,4200
6756,870
6757,42860
6758,1000
6759,1980
6760,1060
6761,142240
6762,1060
6763,141830
6764,1170
6765,2110
6766,980
6767,116550
6768,970
6769,6080
6770,960
6771,2070
6772,900
6773,14570
6774,870
6775,4060
6776,810
6777,1770
6778,780
6779,140130
6780,1010
6781,140360
6782,1040
6783,2390
6784,980
6785,4110
6786,950
6787,10780
6788,950
6789,2200
6790,900
6791,139270
6792,900
6793,138350
6794,810
6795,1870
6796,770
6797,5900
6798,890
6799,13300
6800,1250
6801,2220
6802,1280
6803,145310
6804,1410
6805,5360
6806,1380
6807,2340
6808,1340
6809,13020
6810,1480
6811,7460
6812,1300
6813,2260
6814,1060
6815,4620
6816,1050
6817,21580
6818,1040
6819,2120
6820,1250
6821,24820
6822,1330
6823,141870
6824,1250
6825,2280
6826,1250
6827,142310
6828,1220
6829,141550
6830,1150
6831,2130
6832,1190
6833,140330
6834,1250
6835,3970
6836,1030
6837,1980
6838,1030
6839,5910
6840,1220
6841,142710
6842,1390
6843,2370
6844,1190
6845,4500
6846,1300
6847,64720
6848,1140
6849,2220
6850,1140
6851,15010
6852,1060
6853,6630
6854,1030
6855,2070
6856,1030
6857,141220
6858,1000
6859,24270
6860,1210
6861,2100
6862,1180
6863,142120
6864,1180
6865,4250
6866,1200
6867,1980
6868,1250
6869,140450
6870,1070
6871,140670
6872,1050
6873,2110
6874,990
6875,4350
6876,980
6877,13770
6878,930
6879,1980
6880,1300
6881,6350
6882,1200
6883,141220
6884,1140
6885,2130
6886,1130
6887,121340
6888,1060
6889,138870
6890,1030
6891,1920
6892,1160
6893,101210
6894,960
6895,3830
6896,910
6897,1730
6898,1020
6899,139750
6900,1110
6901,120040
6902,1240
6903,2760
6904,1260
6905,5270
6906,1200
6907,146390
6908,1050
6909,2310
6910,990
6911,143030
6912,960
6913,45910
6914,950
6915,2110
6916,910
6917,141750
6918,920
6919,10620
6920,1120
6921,2190
6922,1100
6923,6520
6924,1070
6925,4330
6926,1190
6927,2100
6928,980
6929,13550
6930,950
6931,41830
6932,960
6933,2300
6934,870
6935,4320
6936,990
6937,6190
6938,850
6939,2140
6940,1220
6941,11240
6942,1050
6943,85900
6944,1170
6945,2230
6946,1010
6947,141310
6948,990
6949,140810
6950,950
6951,2230
6952,870
6953,21370
6954,980
6955,4490
6956,900
6957,2340
6958,900
6959,142590
6960,1040
6961,141770
6962,1030
6963,2490
6964,980
6965,4510
6966,940
6967,141250
6968,910
6969,2190
6970,890
6971,145880
6972,950
6973,25680
6974,830
6975,2170
6976,780
6977,139830
6978,750
6979,5770
6980,960
6981,2220
6982,970
6983,140990
6984,970
6985,3900
6986,940
6987,2100
6988,870
6989,39290
6990,840
6991,138900
6992,860
6993,2110
6994,770
6995,3830
6996,910
6997,137980
6998,710
6999,2050
7000,1230
7001,144950
7002,1250
7003,75770
7004,1260
7005,2330
7006,1160
7007,7520
7008,1120
7009,68280
7010,1100
7011,2300
7012,1090
7013,151240
7014,1030
7015,4450
7016,980
7017,2110
7018,950
7019,142310
7020,1280
7021,7480
7022,1250
7023,2480
7024,1200
7025,4710
7026,1190
7027,143840
7028,1300
7029,2280
7030,1130
7031,137860
7032,1060
7033,14650
7034,1040
7035,2280
7036,1020
7037,46740
7038,1090
7039,146890
7040,1370
7041,2640
7042,1350
7043,149880
7044,1180
7045,4250
7046,1130
7047,2280
7048,1110
7049,6600
7050,1070
7051,12250
7052,1020
7053,2280
7054,990
7055,4670
7056,960
7057,146900
7058,940
7059,2060
7060,1160
7061,33010
7062,1170
7063,6980
7064,1120
7065,2180
7066,1300
7067,59110
7068,1080
7069,150130
7070,1070
7071,2040
7072,1010
7073,11490
7074,940
7075,4110
7076,920
7077,1870
7078,940
7079,148320
7080,1130
7081,127950
7082,1160
7083,2300
7084,1090
7085,4690
7086,1070
7087,25240
7088,1050
7089,2150
7090,990
7091,7140
7092,970
7093,64080
7094,930
7095,2150
7096,870
7097,74670
7098,860
7099,44680
7100,1080
7101,2010
7102,1160
7103,144910
7104,1070
7105,4130
7106,1060
7107,1950
7108,1120
7109,143310
7110,960
7111,14530
7112,940
7113,2030
7114,910
7115,4020
7116,850
7117,11340
7118,820
7119,1870
7120,1030
7121,143060
7122,1040
7123,21110
7124,1140
7125,2020
7126,1000
7127,142620
7128,980
7129,145440
7130,940
7131,1890
7132,860
7133,6280
7134,850
7135,3760
7136,810
7137,1850
7138,820
7139,10640
7140,1040
7141,56870
7142,1000
7143,2160
7144,970
7145,3920
7146,1100
7147,6590
7148,900
7149,2170
7150,920
7151,145290
7152,880
7153,31790
7154,950
7155,1790
7156,780
7157,21270
7158,770
7159,143290
7160,960
7161,2030
7162,970
7163,14820
7164,940
7165,4140
7166,920
7167,1720
7168,920
7169,113610
7170,860
7171,122150
7172,810
7173,1880
7174,810
7175,4020
7176,770
7177,148180
7178,810
7179,1890
7180,1070
7181,64330
7182,940
7183,10730
7184,890
7185,1850
7186,880
7187,140250
7188,850
7189,5960
7190,800
7191,1650
7192,770
7193,138840
7194,730
7195,3220
7196,700
7197,1600
7198,660
7199,28170
7200,1320
7201,27230
7202,1210
7203,2630
7204,1170
7205,4850
7206,1110
7207,148920
7208,1120
7209,2480
7210,1060
7211,150190
7212,1020
7213,150030
7214,1020
7215,2170
7216,970
7217,7440
7218,910
7219,149440
7220,1250
7221,2510
7222,1210
7223,48520
7224,1170
7225,4390
7226,1140
7227,2400
7228,1090
7229,154720
7230,1100
7231,7310
7232,1020
7233,2370
7234,1020
7235,4500
7236,970
7237,150430
7238,1010
7239,2190
7240,1310
7241,15900
7242,1170
7243,147930
7244,1110
7245,2390
7246,1220
7247,147120
7248,1070
7249,12030
7250,1060
7251,2130
7252,1000
7253,147460
7254,970
7255,4370
7256,920
7257,2130
7258,900
7259,6560
7260,1260
7261,87370
7262,1110
7263,2630
7264,1130
7265,4530
7266,1110
7267,15430
7268,1050
7269,2240
7270,970
7271,12160
7272,1000
7273,6790
7274,930
7275,2080
7276,880
7277,24260
7278,920
7279,41720
7280,1070
7281,2240
7282,1080
7283,148150
7284,1070
7285,4290
7286,1010
7287,2190
7288,980
7289,58410
7290,960
7291,32690
7292,910
7293,2220
7294,910
7295,4620
7296,1000
7297,153750
7298,1000
7299,1960
7300,1070
7301,7220
7302,1060
7303,116470
7304,1030
7305,2340
7306,1000
7307,148400
7308,950
7309,147700
7310,930
7311,2000
7312,890
7313,126470
7314,960
7315,4380
7316,900
7317,2010
7318,1010
7319,16240
7320,1120
7321,151300
7322,1170
7323,2200
7324,970
7325,4330
7326,940
7327,22270
7328,890
7329,2050
7330,870
7331,146190
7332,870
7333,145960
7334,830
7335,2010
7336,770
7337,11330
7338,740
7339,62700
7340,960
7341,2110
7342,960
7343,6350
7344,920
7345,3940
7346,890
7347,1830
7348,900
7349,144050
7350,830
7351,149390
7352,810
7353,1960
7354,800
7355,4020
7356,920
7357,6510
7358,750
7359,1800
7360,1070
7361,21880
7362,990
7363,57700
7364,910
7365,1930
7366,910
7367,86120
7368,830
7369,146580
7370,980
7371,1790
7372,760
7373,127330
7374,740
7375,3700
7376,680
7377,1590
7378,650
7379,73570
7380,900
7381,11830
7382,890
7383,2050
7384,870
7385,4030
7386,820
7387,143090
7388,820
7389,1850
7390,910
7391,24390
7392,730
7393,145910
7394,740
7395,1690
7396,650
7397,13740
7398,660
7399,5900
7400,1160
7401,2110
7402,1290
7403,11950
7404,1160
7405,4240
7406,1080
7407,2100
7408,1030
7409,45050
7410,1040
7411,151170
7412,990
7413,2110
7414,930
7415,4000
7416,890
7417,148420
7418,870
7419,2050
7420,1170
7421,64900
7422,1310
7423,16480
7424,1290
7425,2290
7426,1410
7427,7100
7428,1190
7429,23090
7430,1160
7431,2150
7432,1120
7433,148210
7434,960
7435,3590
7436,1060
7437,1730
7438,900
7439,66390
7440,1130
7441,6670
7442,1130
7443,2370
7444,1080
7445,4020
7446,1060
7447,11370
7448,1180
7449,2010
7450,990
7451,148600
7452,980
7453,41500
7454,950
7455,1890
7456,950
7457,147660
7458,850
7459,146550
7460,1070
7461,1910
7462,1160
7463,20090
7464,1200
7465,3670
7466,1060
7467,1800
7468,1030
7469,6050
7470,950
7471,43700
7472,1070
7473,1980
7474,930
7475,3570
7476,850
7477,145400
7478,830
7479,1790
7480,1050
7481,147220
7482,1080
7483,6080
7484,1040
7485,1910
7486,980
7487,151560
7488,1080
7489,147940
7490,920
7491,1780
7492,1030
7493,94410
7494,840
7495,3400
7496,1020
7497,1600
7498,760
7499,144840
7500,1000
7501,15170
7502,1010
7503,2250
7504,980
7505,4490
7506,940
7507,148530
7508,910
7509,2140
7510,900
7511,6780
7512,830
7513,11340
7514,800
7515,1950
7516,770
7517,147220
7518,740
7519,125440
7520,1020
7521,2030
7522,960
7523,148950
7524,940
7525,4240
7526,890
7527,1880
7528,880
7529,151840
7530,870
7531,21210
7532,810
7533,2140
7534,770
7535,4010
7536,730
7537,147350
7538,730
7539,1940
7540,1060
7541,147870
7542,930
7543,23900
7544,890
7545,2040
7546,850
7547,146920
7548,850
7549,145980
7550,820
7551,1870
7552,790
7553,6100
7554,730
7555,3770
7556,700
7557,1720
7558,650
7559,145120
7560,960
7561,150620
7562,930
7563,2110
7564,850
7565,4250
7566,850
7567,6790
7568,800
7569,2040
7570,780
7571,115040
7572,730
7573,151220
7574,700
7575,1860
7576,650
7577,151410
7578,630
7579,10380
7580,1030
7581,1870
7582,880
7583,149590
7584,830
7585,3710
7586,780
7587,1920
7588,760
7589,149670
7590,720
7591,151180
7592,690
7593,1860
7594,660
7595,3780
7596,640
7597,121120
7598,590
7599,1720
7600,1130
7601,11880
7602,1110
7603,153870
7604,1090
7605,2160
7606,1040
7607,153230
7608,1000
7609,6490
7610,980
7611,2120
7612,970
7613,31730
7614,910
7615,4210
7616,1010
7617,1780
7618,830
7619,23950
7620,1120
7621,151380
7622,1130
7623,2350
7624,1120
7625,4350
7626,1250
7627,42210
7628,1030
7629,2140
7630,980
7631,14230
7632,1000
7633,20000
7634,900
7635,1960
7636,870
7637,6430
7638,830
7639,150280
7640,1090
7641,2060
7642,1090
7643,150740
7644,1210
7645,4260
7646,1010
7647,1890
7648,1020
7649,149690
7650,1120
7651,6730
7652,910
7653,2190
7654,870
7655,4400
7656,890
7657,13590
7658,820
7659,1900
7660,1060
7661,73900
7662,1040
7663,136140
7664,1040
7665,2060
7666,1170
7667,10590
7668,950
7669,149190
7670,960
7671,1840
7672,870
7673,156620
7674,950
7675,4220
7676,1320
7677,1850
7678,780
7679,5530
7680,1000
7681,152900
7682,1020
7683,2100
7684,980
7685,4250
7686,1100
7687,148910
7688,1050
7689,1940
7690,880
7691,148760
7692,840
7693,5960
7694,950
7695,1750
7696,800
7697,64710
7698,730
7699,147240
7700,990
7701,1840
7702,1100
7703,152140
7704,950
7705,3940
7706,900
7707,1910
7708,870
7709,14610
7710,850
7711,11680
7712,810
7713,1990
7714,840
7715,3810
7716,720
7717,150700
7718,710
7719,1830
7720,980
7721,6500
7722,1010
7723,149900
7724,1090
7725,1830
7726,850
7727,149740
7728,830
7729,95230
7730,950
7731,1680
7732,750
7733,10730
7734,740
7735,3560
7736,690
7737,1600
7738,650
7739,118860
7740,890
7741,149260
7742,880
7743,1900
7744,910
7745,3690
7746,820
7747,98270
7748,790
7749,1980
7750,790
7751,29940
7752,740
7753,149210
7754,700
7755,1560
7756,660
7757,149020
7758,630
7759,148560
7760,850
7761,1650
7762,840
7763,6300
7764,830
7765,3730
7766,800
7767,1530
7768,890
7769,19240
7770,740
7771,23090
7772,680
7773,1660
7774,650
7775,3780
7776,630
7777,5980
7778,580
7779,1520
7780,820
7781,42220
7782,840
7783,63610
7784,790
7785,1740
7786,760
7787,12720
7788,700
7789,146630
7790,700
7791,1450
7792,640
7793,147060
7794,620
7795,3020
7796,570
7797,1320
7798,540
7799,9340
7800,1070
7801,42490
7802,1080
7803,2280
7804,1020
7805,4550
7806,1010
7807,57510
7808,1120
7809,2100
7810,940
7811,127310
7812,900
7813,15170
7814,850
7815,1990
7816,830
7817,152780
7818,800
7819,6580
7820,1090
7821,2080
7822,1140
7823,154490
7824,1050
7825,3870
7826,1010
7827,1980
7828,980
7829,153700
7830,970
7831,65730
7832,970
7833,2150
7834,870
7835,3810
7836,850
7837,20580
7838,950
7839,2000
7840,1020
7841,156000
7842,1070
7843,11590
7844,1030
7845,2110
7846,1000
7847,6690
7848,950
7849,76150
7850,900
7851,1920
7852,880
7853,154780
7854,840
7855,3810
7856,810
7857,1840
7858,750
7859,42610
7860,1000
7861,6850
7862,1140
7863,2220
7864,970
7865,3970
7866,930
7867,155130
7868,900
7869,2050
7870,860
7871,20810
7872,890
7873,152830
7874,810
7875,1850
7876,770
7877,151910
7878,770
7879,152270
7880,960
7881,1960
7882,960
7883,162000
7884,1520
7885,3850
7886,890
7887,1840
7888,870
7889,6260
7890,840
7891,13240
7892,800
7893,2150
7894,760
7895,3670
7896,740
7897,83070
7898,690
7899,1940
7900,910
7901,151020
7902,940
7903,6420
7904,900
7905,1930
7906,860
7907,150180
7908,830
7909,10280
7910,800
7911,1750
7912,930
7913,60910
7914,740
7915,3390
7916,700
7917,1590
7918,650
7919,147930
7920,890
7921,154410
7922,890
7923,2020
7924,840
7925,3970
7926,820
7927,153830
7928,790
7929,1860
7930,750
7931,6430
7932,720
7933,154000
7934,700
7935,1660
7936,650
7937,156060
7938,820
7939,21930
7940,970
7941,1990
7942,980
7943,16030
7944,920
7945,3620
7946,880
7947,1980
7948,860
7949,156150
7950,730
7951,163070
7952,690
7953,1780
7954,660
7955,3410
7956,620
7957,122550
7958,580
7959,1590
7960,800
7961,23170
7962,810
7963,153960
7964,780
7965,1730
7966,750
7967,42480
7968,800
7969,13310
7970,700
7971,1570
7972,630
7973,5730
7974,610
7975,3130
7976,590
7977,1380
7978,540
7979,133340
7980,790
7981,29330
7982,780
7983,1810
7984,740
7985,3310
7986,790
7987,6050
7988,710
7989,1630
7990,650
7991,98240
7992,610
7993,150640
7994,590
7995,1630
7996,540
7997,9100
7998,530
7999,22020
8000,1310
8001,2190
8002,1340
8003,88880
8004,1290
8005,5000
8006,1290
8007,2020
8008,1260
8009,156940
8010,1230
8011,157610
8012,1240
8013,2170
8014,1130
8015,4860
8016,1090
8017,156970
8018,1080
8019,2200
8020,1330
8021,15650
8022,1350
8023,122810
8024,1300
8025,2330
8026,1290
8027,32490
8028,1240
8029,6870
8030,1210
8031,2060
8032,1170
8033,42380
8034,1150
8035,4170
8036,1120
8037,1830
8038,1280
8039,154640
8040,1290
8041,12820
8042,1450
8043,2260
8044,1310
8045,4660
8046,1380
8047,15580
8048,1200
8049,2150
8050,1320
8051,145660
8052,1140
8053,156310
8054,1150
8055,1930
8056,1100
8057,7370
8058,1040
8059,155060
8060,1280
8061,2040
8062,1250
8063,12500
8064,1300
8065,4480
8066,1190
8067,1930
8068,1320
8069,155520
8070,1150
8071,7180
8072,1090
8073,2060
8074,1080
8075,4460
8076,1050
8077,63680
8078,1010
8079,2010
8080,1220
8081,154510
8082,1230
8083,95850
8084,1200
8085,2020
8086,1190
8087,153810
8088,1140
8089,152840
8090,1100
8091,2000
8092,1060
8093,152500
8094,1030
8095,4150
8096,1160
8097,1630
8098,960
8099,6090
8100,1320
8101,159100
8102,1210
8103,2390
8104,1180
8105,4960
8106,1130
8107,13010
8108,1090
8109,2190
8110,1070
8111,157800
8112,1060
8113,6930
8114,1000
8115,2010
8116,970
8117,156970
8118,930
8119,31150
8120,1330
8121,2120
8122,1150
8123,157740
8124,1140
8125,4560
8126,1090
8127,2180
8128,1050
8129,12380
8130,1040
8131,77170
8132,1120
8133,2470
8134,1100
8135,5120
8136,1060
8137,140410
8138,980
8139,2220
8140,1270
8141,7740
8142,1280
8143,24120
8144,1250
8145,2370
8146,1210
8147,162210
8148,1160
8149,41930
8150,1000
8151,1970
8152,950
8153,50040
8154,1080
8155,4850
8156,970
8157,1990
8158,990
8159,67000
8160,1100
8161,159050
8162,1110
8163,2270
8164,1040
8165,4840
8166,1030
8167,158430
8168,1010
8169,2070
8170,940
8171,160030
8172,930
8173,12210
8174,890
8175,1920
8176,830
8177,14870
8178,840
8179,165610
8180,1040
8181,2150
8182,1040
8183,6430
8184,1000
8185,4210
8186,980
8187,1870
8188,930
8189,24630
8190,950
8191,157980
8192,900
8193,2010
8194,830
8195,3950
8196,830
8197,6330
8198,780
8199,1830
8200,1500
8201,101960
8202,1490
8203,17660
8204,1300
8205,2330
8206,1270
8207,43790
8208,1260
8209,159370
8210,1210
8211,2160
8212,1170
8213,70000
8214,1150
8215,4560
8216,1100
8217,1950
8218,1050
8219,157870
8220,1380
8221,157990
8222,1380
8223,2420
8224,1310
8225,4730
8226,1290
8227,24590
8228,1320
8229,2260
8230,1230
8231,157450
8232,1190
8233,160950
8234,1310
8235,2320
8236,1420
8237,156690
8238,1090
8239,6410
8240,1310
8241,2190
8242,1320
8243,155860
8244,1310
8245,4470
8246,1290
8247,2080
8248,1210
8249,122430
8250,1310
8251,56290
8252,1140
8253,2360
8254,1130
8255,4440
8256,1120
8257,30520
8258,1040
8259,2230
8260,1300
8261,12240
8262,1300
8263,156360
8264,1250
8265,2160
8266,1210
8267,6660
8268,1180
8269,155810
8270,1150
8271,1990
8272,1140
8273,154730
8274,1060
8275,3890
8276,1050
8277,1810
8278,1020
8279,20030
8280,1380
8281,6760
8282,1260
8283,2390
8284,1220
8285,4360
8286,1180
8287,158570
8288,1170
8289,2230
8290,1100
8291,157550
8292,1220
8293,157230
8294,1040
8295,2040
8296,1010
8297,155930
8298,1010
8299,66680
8300,1220
8301,1980
8302,1360
8303,24180
8304,1190
8305,4210
8306,1160
8307,1870
8308,1120
8309,6280
8310,1100
8311,166260
8312,1140
8313,2170
8314,1000
8315,3930
8316,970
8317,155150
8318,920
8319,1830
8320,1160
8321,84080
8322,1180
8323,6130
8324,1300
8325,1960
8326,1090
8327,11370
8328,1100
8329,156830
8330,1040
8331,1830
8332,1010
8333,14310
8334,980
8335,3720
8336,930
8337,1620
8338,1060
8339,42730
8340,1120
8341,23770
8342,1130
8343,2200
8344,1120
8345,3840
8346,1070
8347,20460
8348,1050
8349,2020
8350,990
8351,6160
8352,1100
8353,154860
8354,940
8355,1750
8356,880
8357,96370
8358,880
8359,13380
8360,1220
8361,1850
8362,1090
8363,156450
8364,1090
8365,3920
8366,1030
8367,1670
8368,1010
8369,158600
8370,960
8371,11350
8372,910
8373,1850
8374,870
8375,3760
8376,870
8377,155320
8378,850
8379,1650
8380,1070
8381,19430
8382,1050
8383,142260
8384,1020
8385,1810
8386,990
8387,155040
8388,1090
8389,161950
8390,920
8391,1640
8392,870
8393,5220
8394,870
8395,3190
8396,840
8397,1430
8398,920
8399,51440
8400,1300
8401,48900
8402,1300
8403,2430
8404,1260
8405,5060
8406,1230
8407,7770
8408,1220
8409,2320
8410,1210
8411,16220
8412,1160
8413,78780
8414,1130
8415,2090
8416,1080
8417,25770
8418,1030
8419,162670
8420,1310
8421,2410
8422,1350
8423,162820
8424,1320
8425,4500
8426,1260
8427,2130
8428,1220
8429,161100
8430,1200
8431,161270
8432,1300
8433,2360
8434,1100
8435,4310
8436,1230
8437,11650
8438,1050
8439,2120
8440,1260
8441,31650
8442,1330
8443,159670
8444,1400
8445,2240
8446,1240
8447,159510
8448,1200
8449,6830
8450,1170
8451,2090
8452,1100
8453,137500
8454,1090
8455,4480
8456,1050
8457,1890
8458,1040
8459,11160
8460,1250
8461,159900
8462,1270
8463,2550
8464,1240
8465,4510
8466,1180
8467,161270
8468,1360
8469,2210
8470,1170
8471,68760
8472,1090
8473,56780
8474,1040
8475,2050
8476,1000
8477,7040
8478,960
8479,102430
8480,1350
8481,2320
8482,1530
8483,24080
8484,1290
8485,4950
8486,1260
8487,2200
8488,1320
8489,16720
8490,1210
8491,7810
8492,1170
8493,2390
8494,1110
8495,4820
8496,960
8497,41130
8498,930
8499,1930
8500,1150
8501,162420
8502,1190
8503,12490
8504,1130
8505,2080
8506,1260
8507,74860
8508,1070
8509,112310
8510,1130
8511,2040
8512,990
8513,161640
8514,980
8515,4310
8516,940
8517,1790
8518,900
8519,6540
8520,1140
8521,161980
8522,1140
8523,2190
8524,1110
8525,4760
8526,1070
8527,168250
8528,1150
8529,2260
8530,1120
8531,26690
8532,950
8533,6920
8534,930
8535,1820
8536,900
8537,159500
8538,910
8539,160920
8540,1280
8541,2280
8542,1250
8543,170420
8544,1220
8545,4500
8546,1320
8547,1990
8548,1120
8549,147380
8550,1010
8551,21970
8552,930
8553,1950
8554,880
8555,4430
8556,860
8557,66790
8558,840
8559,1790
8560,1030
8561,7200
8562,1050
8563,160060
8564,1020
8565,1880
8566,1010
8567,14790
8568,1020
8569,11350
8570,940
8571,1730
8572,880
8573,158210
8574,870
8575,4160
8576,810
8577,1540
8578,780
8579,30240
8580,1000
8581,160190
8582,1060
8583,2140
8584,1010
8585,4120
8586,950
8587,44750
8588,930
8589,1820
8590,880
8591,11220
8592,860
8593,14280
8594,830
8595,1620
8596,780
8597,158170
8598,750
8599,158070
8600,1260
8601,2010
8602,1290
8603,7160
8604,1230
8605,4480
8606,1220
8607,1900
8608,1180
8609,161100
8610,1130
8611,137050
8612,1090
8613,2040
8614,1090
8615,4500
8616,1020
8617,6980
8618,1010
8619,1840
8620,1280
8621,55120
8622,1300
8623,160120
8624,1240
8625,2070
8626,1190
8627,159000
8628,1190
8629,158580
8630,1140
8631,1880
8632,1260
8633,152710
8634,1070
8635,3810
8636,1070
8637,1860
8638,1010
8639,82390
8640,1250
8641,162420
8642,1260
8643,2150
8644,1190
8645,4300
8646,1170
8647,175090
8648,1310
8649,2190
8650,1260
8651,65010
8652,1080
8653,20850
8654,1030
8655,1800
8656,1150
8657,11140
8658,970
8659,6390
8660,1370
8661,1880
8662,1190
8663,161110
8664,1190
8665,4160
8666,1140
8667,1740
8668,1160
8669,160120
8670,1060
8671,13840
8672,1040
8673,1920
8674,1000
8675,3910
8676,970
8677,160060
8678,1090
8679,1710
8680,1150
8681,163150
8682,1160
8683,23770
8684,1130
8685,1860
8686,1080
8687,6560
8688,1070
8689,160630
8690,1050
8691,1700
8692,990
8693,165010
8694,1100
8695,4050
8696,1210
8697,1690
8698,1350
8699,160100
8700,1140
8701,7080
8702,1160
8703,2210
8704,1080
8705,4560
8706,1050
8707,163440
8708,1060
8709,2060
8710,1090
8711,45900
8712,970
8713,168880
8714,1030
8715,2370
8716,1090
8717,30130
8718,860
8719,162770
8720,1080
8721,1970
8722,1080
8723,11400
8724,1060
8725,4100
8726,1040
8727,1880
8728,1140
8729,6340
8730,960
8731,162730
8732,920
8733,2050
8734,870
8735,4030
8736,850
8737,165450
8738,810
8739,1870
8740,1040
8741,161870
8742,1060
8743,6070
8744,1060
8745,2210
8746,980
8747,160730
8748,960
8749,13440
8750,920
8751,1970
8752,870
8753,160910
8754,860
8755,3780
8756,820
8757,1790
8758,800
8759,22600
8760,1010
8761,168350
8762,1100
8763,2140
8764,1080
8765,4540
8766,950
8767,11080
8768,950
8769,1960
8770,880
8771,6810
8772,910
8773,44920
8774,870
8775,1850
8776,840
8777,111500
8778,830
8779,163510
8780,1020
8781,1970
8782,1020
8783,162110
8784,940
8785,3880
8786,950
8787,1710
8788,900
8789,9890
8790,850
8791,93030
8792,830
8793,1830
8794,780
8795,3980
8796,750
8797,21610
8798,700
8799,1790
8800,1200
8801,15500
8802,1350
8803,167730
8804,1370
8805,2120
8806,1170
8807,166520
8808,1120
8809,31400
8810,1100
8811,2040
8812,1090
8813,6520
8814,1130
8815,4450
8816,990
8817,1750
8818,950
8819,166890
8820,1260
8821,167130
8822,1330
8823,2280
8824,1260
8825,4430
8826,1380
8827,6730
8828,1180
8829,2200
8830,1130
8831,165860
8832,1080
8833,11980
8834,1040
8835,2060
8836,1040
8837,165480
8838,1070
8839,167340
8840,1250
8841,1990
8842,1240
8843,57180
8844,1170
8845,4290
8846,1150
8847,2060
8848,1130
8849,167230
8850,1240
8851,86670
8852,1060
8853,2300
8854,1000
8855,4350
8856,1040
8857,21280
8858,1080
8859,1850
8860,1220
8861,168160
8862,1170
8863,167160
8864,1150
8865,1980
8866,1130
8867,166390
8868,1200
8869,5980
8870,1050
8871,1920
8872,1010
8873,23420
8874,970
8875,3880
8876,990
8877,1600
8878,880
8879,13340
8880,1180
8881,146070
8882,1140
8883,2110
8884,1330
8885,4380
8886,1090
8887,165580
8888,1030
8889,1890
8890,990
8891,20770
8892,1090
8893,164380
8894,940
8895,1720
8896,910
8897,6160
8898,840
8899,10660
8900,1090
8901,1800
8902,1080
8903,42190
8904,1060
8905,3950
8906,1010
8907,1680
8908,990
8909,94780
8910,980
8911,6270
8912,970
8913,2000
8914,980
8915,4410
8916,860
8917,54830
8918,820
8919,1640
8920,1040
8921,11980
8922,1070
8923,165310
8924,1020
8925,1960
8926,990
8927,134030
8928,950
8929,163670
8930,910
8931,1680
8932,930
8933,162560
8934,860
8935,4030
8936,840
8937,1460
8938,790
8939,5410
8940,1010
8941,162150
8942,1050
8943,1870
8944,980
8945,3870
8946,970
8947,28820
8948,900
8949,1720
8950,890
8951,161670
8952,860
8953,5800
8954,810
8955,1560
8956,770
8957,13720
8958,820
8959,18190
8960,980
8961,1610
8962,980
8963,164060
8964,1100
8965,3880
8966,1040
8967,1640
8968,970
8969,163050
8970,840
8971,164850
8972,860
8973,1620
8974,910
8975,4010
8976,850
8977,71140
8978,750
8979,1480
8980,1070
8981,5870
8982,970
8983,13110
8984,900
8985,1580
8986,860
8987,10410
8988,830
8989,152470
8990,810
8991,1820
8992,930
8993,18370
8994,750
8995,3040
8996,700
8997,1270
8998,700
8999,159720
9000,1210
9001,171470
9002,1360
9003,2600
9004,1160
9005,5150
9006,1140
9007,171670
9008,1190
9009,2620
9010,1070
9011,171010
9012,1290
9013,169880
9014,990
9015,2290
9016,980
9017,123400
9018,930
9019,44440
9020,1210
9021,2380
9022,1200
9023,6950
9024,1170
9025,4700
9026,1130
9027,2260
9028,1260
9029,173830
9030,1060
9031,13060
9032,1030
9033,2430
9034,990
9035,4580
9036,970
9037,6840
9038,920
9039,2260
9040,1160
9041,173560
9042,1180
9043,172010
9044,1160
9045,2420
9046,1120
9047,148800
9048,1080
9049,172020
9050,1030
9051,2260
9052,1020
9053,12710
9054,1070
9055,5050
9056,910
9057,2050
9058,880
9059,171060
9060,1240
9061,15680
9062,1290
9063,2880
9064,1090
9065,4680
9066,1080
9067,170220
9068,1150
9069,2740
9070,1120
9071,77040
9072,980
9073,68470
9074,930
9075,2210
9076,880
9077,41430
9078,880
9079,6420
9080,1100
9081,2250
9082,1100
9083,45200
9084,1050
9085,4440
9086,1190
9087,2140
9088,1000
9089,99000
9090,970
9091,167230
9092,930
9093,2280
9094,880
9095,4300
9096,990
9097,12600
9098,810
9099,2100
9100,1050
9101,26350
9102,1200
9103,169550
9104,1030
9105,2200
9106,1010
9107,7080
9108,940
9109,168770
9110,930
9111,2070
9112,1040
9113,15450
9114,860
9115,4200
9116,820
9117,1880
9118,770
9119,12550
9120,1010
9121,7300
9122,1040
9123,2330
9124,1120
9125,4500
9126,940
9127,168940
9128,910
9129,2110
9130,880
9131,32740
9132,860
9133,171180
9134,820
9135,1970
9136,770
9137,168130
9138,750
9139,15950
9140,970
9141,2090
9142,960
9143,64000
9144,970
9145,3840
9146,930
9147,1930
9148,1000
9149,6150
9150,830
9151,169660
9152,830
9153,2230
9154,770
9155,4080
9156,770
9157,168130
9158,710
9159,1940
9160,930
9161,167490
9162,960
9163,6760
9164,900
9165,2070
9166,860
9167,156460
9168,930
9169,84320
9170,960
9171,1860
9172,770
9173,165450
9174,740
9175,4430
9176,760
9177,1740
9178,680
9179,110010
9180,910
9181,167690
9182,920
9183,2120
9184,1000
9185,3960
9186,860
9187,167190
9188,800
9189,1980
9190,760
9191,6570
9192,730
9193,41510
9194,710
9195,1790
9196,670
9197,21450
9198,690
9199,165420
9200,1160
9201,2320
9202,1150
9203,171350
9204,1130
9205,4590
9206,1200
9207,2060
9208,1040
9209,170280
9210,1020
9211,100360
9212,1030
9213,2150
9214,950
9215,4630
9216,910
9217,15260
9218,890
9219,2240
9220,1260
9221,170890
9222,1160
9223,32860
9224,1140
9225,2210
9226,1090
9227,168020
9228,1050
9229,12170
9230,1180
9231,2280
9232,1120
9233,6960
9234,1030
9235,4480
9236,950
9237,1860
9238,890
9239,168240
9240,1150
9241,174580
9242,1280
9243,2440
9244,1100
9245,4640
9246,1090
9247,7100
9248,1050
9249,2100
9250,990
9251,12760
9252,980
9253,25440
9254,930
9255,1960
9256,880
9257,171990
9258,1000
9259,76220
9260,1090
9261,2190
9262,1120
9263,97810
9264,1260
9265,4160
9266,1030
9267,1920
9268,980
9269,16030
9270,1000
9271,122990
9272,1090
9273,2020
9274,890
9275,4030
9276,870
9277,169310
9278,820
9279,2010
9280,1070
9281,171050
9282,1060
9283,169450
9284,1010
9285,2000
9286,1010
9287,56240
9288,950
9289,6350
9290,900
9291,1840
9292,870
9293,169390
9294,840
9295,3970
9296,820
9297,1650
9298,760
9299,20190
9300,1020
9301,121260
9302,1010
9303,2450
9304,1050
9305,4520
9306,940
9307,66560
9308,970
9309,2270
9310,880
9311,172560
9312,840
9313,113280
9314,810
9315,2100
9316,790
9317,6750
9318,740
9319,173920
9320,1030
9321,2150
9322,970
9323,170950
9324,950
9325,4480
9326,910
9327,2040
9328,880
9329,24470
9330,1130
9331,7030
9332,820
9333,2370
9334,770
9335,4280
9336,760
9337,170070
9338,720
9339,2170
9340,940
9341,168350
9342,1080
9343,168170
9344,1040
9345,2200
9346,900
9347,13900
9348,830
9349,167090
9350,820
9351,2070
9352,770
9353,72920
9354,740
9355,3980
9356,700
9357,1970
9358,710
9359,5870
9360,900
9361,12540
9362,910
9363,2300
9364,870
9365,4410
9366,970
9367,21690
9368,790
9369,2130
9370,770
9371,171270
9372,730
9373,6400
9374,750
9375,1920
9376,660
9377,171680
9378,790
9379,143900
9380,850
9381,2050
9382,880
9383,11860
9384,840
9385,3870
9386,790
9387,1930
9388,760
9389,62820
9390,730
9391,170340
9392,690
9393,2030
9394,680
9395,3900
9396,620
9397,168380
9398,730
9399,1860
9400,1080
9401,7070
9402,1100
9403,173380
9404,1080
9405,2270
9406,1080
9407,31320
9408,1010
9409,172560
9410,990
9411,2160
9412,950
9413,172470
9414,910
9415,4220
9416,860
9417,2130
9418,870
9419,172120
9420,1100
9421,172360
9422,1120
9423,2560
9424,1110
9425,4270
9426,1040
9427,11510
9428,1190
9429,2330
9430,980
9431,168710
9432,950
9433,169240
9434,950
9435,2280
9436,1030
9437,169230
9438,850
9439,167380
9440,1070
9441,2180
9442,1110
9443,6190
9444,1040
9445,4220
9446,1020
9447,2050
9448,1010
9449,10830
9450,960
9451,14360
9452,920
9453,2200
9454,880
9455,4320
9456,860
9457,6340
9458,810
9459,2190
9460,1040
9461,171150
9462,1060
9463,171560
9464,1020
9465,2190
9466,1220
9467,171940
9468,940
9469,19960
9470,930
9471,1970
9472,910
9473,171050
9474,1050
9475,3600
9476,820
9477,1790
9478,770
9479,169840
9480,1010
9481,23180
9482,1010
9483,2280
9484,1000
9485,4440
9486,970
9487,85420
9488,960
9489,2210
9490,880
9491,170240
9492,850
9493,10840
9494,800
9495,1910
9496,770
9497,169000
9498,760
9499,5670
9500,950
9501,2010
9502,970
9503,14720
9504,960
9505,4040
9506,910
9507,1990
9508,890
9509,53550
9510,830
9511,172090
9512,810
9513,2150
9514,790
9515,3970
9516,740
9517,43450
9518,720
9519,1850
9520,920
9521,172070
9522,950
9523,154780
9524,900
9525,1960
9526,870
9527,6370
9528,830
9529,13940
9530,810
9531,1790
9532,930
9533,175660
9534,760
9535,3820
9536,710
9537,3210
9538,660
9539,171100
9540,880
9541,6300
9542,900
9543,2050
9544,860
9545,3990
9546,850
9547,169510
9548,830
9549,1910
9550,770
9551,171650
9552,720
9553,60750
9554,730
9555,1770
9556,650
9557,22970
9558,640
9559,10530
9560,850
9561,1960
9562,860
9563,121030
9564,840
9565,3950
9566,800
9567,1830
9568,770
9569,5750
9570,730
9571,19070
9572,700
9573,1830
9574,810
9575,3830
9576,620
9577,98670
9578,590
9579,1620
9580,830
9581,10550
9582,860
9583,5770
9584,810
9585,1800
9586,760
9587,166620
9588,730
9589,62130
9590,680
9591,1780
9592,640
9593,79270
9594,620
9595,3240
9596,570
9597,1420
9598,540
9599,37000
9600,1090
9601,175600
9602,1080
9603,2470
9604,1030
9605,5020
9606,1020
9607,15790
9608,1020
9609,2730
9610,1010
9611,8050
9612,1020
9613,178520
9614,920
9615,2110
9616,820
9617,100230
9618,800
9619,177810
9620,1090
9621,2290
9622,1070
9623,178420
9624,1060
9625,4480
9626,1010
9627,2120
9628,970
9629,175580
9630,1080
9631,176210
9632,970
9633,2290
9634,900
9635,4310
9636,830
9637,30980
9638,860
9639,2310
9640,1060
9641,45990
9642,1070
9643,174180
9644,1040
9645,2410
9646,990
9647,11670
9648,1090
9649,174650
9650,920
9651,2280
9652,890
9653,6350
9654,1050
9655,4330
9656,810
9657,1940
9658,770
9659,14360
9660,1020
9661,176210
9662,1050
9663,2320
9664,970
9665,4520
9666,1080
9667,6970
9668,900
9669,2330
9670,880
9671,23870
9672,840
9673,20860
9674,810
9675,2170
9676,790
9677,172350
9678,740
9679,172150
9680,960
9681,2270
9682,970
9683,31230
9684,950
9685,4200
9686,920
9687,2150
9688,860
9689,178110
9690,930
9691,11590
9692,800
9693,2100
9694,770
9695,4280
9696,740
9697,173720
9698,700
9699,1950
9700,920
9701,159360
9702,1080
9703,45180
9704,920
9705,2070
9706,860
9707,20720
9708,860
9709,6170
9710,810
9711,2060
9712,790
9713,11150
9714,740
9715,3860
9716,730
9717,1880
9718,660
9719,172390
9720,890
9721,175430
9722,1040
9723,2170
9724,850
9725,4340
9726,820
9727,118350
9728,800
9729,2170
9730,760
9731,55390
9732,740
9733,173670
9734,700
9735,1820
9736,680
9737,6340
9738,630
9739,172920
9740,850
9741,1920
9742,890
9743,173010
9744,840
9745,3740
9746,810
9747,1770
9748,900
9749,171410
9750,730
9751,6210
9752,700
9753,2100
9754,660
9755,3940
9756,620
9757,10680
9758,590
9759,1890
9760,830
9761,66490
9762,840
9763,14530
9764,790
9765,1890
9766,780
9767,173570
9768,790
9769,174300
9770,700
9771,1740
9772,660
9773,40170
9774,780
9775,3670
9776,590
9777,1540
9778,550
9779,5570
9780,800
9781,173320
9782,780
9783,2020
9784,890
9785,3810
9786,720
9787,171080
9788,700
9789,1790
9790,660
9791,171260
9792,660
9793,5480
9794,570
9795,2040
9796,570
9797,169430
9798,510
9799,58820
9800,1220
9801,2020
9802,1020
9803,176230
9804,990
9805,4160
9806,970
9807,1860
9808,950
9809,21340
9810,900
9811,179270
9812,870
9813,2040
9814,830
9815,4010
9816,950
9817,174860
9818,770
9819,1910
9820,1050
9821,6560
9822,1100
9823,11450
9824,1010
9825,2260
9826,1000
9827,43720
9828,980
9829,173830
9830,910
9831,1850
9832,890
9833,176390
9834,830
9835,3470
9836,810
9837,1710
9838,940
9839,173610
9840,1010
9841,14450
9842,1140
9843,2190
9844,990
9845,3990
9846,960
9847,64070
9848,900
9849,1950
9850,870
9851,173090
9852,830
9853,92300
9854,950
9855,2030
9856,950
9857,174950
9858,750
9859,171610
9860,970
9861,1910
9862,960
9863,6250
9864,940
9865,3820
9866,920
9867,1730
9868,880
9869,115300
9870,1010
9871,178900
9872,960
9873,1880
9874,780
9875,3550
9876,710
9877,6040
9878,690
9879,1690
9880,950
9881,61000
9882,970
9883,173720
9884,890
9885,1870
9886,880
9887,173560
9888,840
9889,10000
9890,790
9891,1700
9892,770
9893,13570
9894,840
9895,3840
9896,790
9897,1660
9898,710
9899,22120
9900,1050
9901,180680
9902,900
9903,2260
9904,860
9905,4060
9906,970
9907,181420
9908,800
9909,2080
9910,780
9911,12350
9912,730
9913,31780
9914,720
9915,1920
9916,650
9917,80070
9918,650
9919,5950
9920,860
9921,2010
9922,870
9923,179980
9924,820
9925,3970
9926,850
9927,1860
9928,740
9929,178780
9930,720
9931,178930
9932,710
9933,2090
9934,660
9935,3870
9936,630
9937,24210
9938,590
9939,1890
9940,820
9941,179080
9942,830
9943,104260
9944,790
9945,2010
9946,770
9947,6010
9948,720
9949,177240
9950,690
9951,1860
9952,650
9953,55660
9954,640
9955,3440
9956,580
9957,1700
9958,550
9959,30050
9960,770
9961,6560
9962,780
9963,2170
9964,740
9965,4060
9966,720
9967,176550
9968,680
9969,1970
9970,640
9971,14090
9972,610
9973,178010
9974,590
9975,1770
9976,550
9977,10850
9978,510
9979,19940
9980,730
9981,1870
9982,740
9983,108340
9984,710
9985,3370
9986,660
9987,1720
9988,790
9989,5400
9990,610
9991,168230
9992,580
9993,1910
9994,540
9995,3420
9996,510
9997,12950
9998,480
9999,1740
10000,1850
