10,508
11,1308
12,417
13,1135
14,397
15,888
16,360
17,1541
18,393
19,1571
20,679
21,1023
22,591
23,1695
24,554
25,1979
26,544
27,863
28,504
29,2061
30,483
31,2209
32,445
33,1037
34,419
35,2051
36,391
37,2473
38,368
39,970
40,561
41,2706
42,727
43,2643
44,562
45,1095
46,488
47,2785
48,678
49,2830
50,529
51,870
52,634
53,3085
54,393
55,2272
56,355
57,728
58,324
59,2864
60,556
61,3355
62,527
63,1289
64,589
65,2042
66,533
67,3622
68,464
69,966
70,416
71,3779
72,491
73,3624
74,353
75,801
76,338
77,3035
78,313
79,3446
80,478
81,878
82,487
83,4512
84,480
85,1933
86,507
87,795
88,435
89,4290
90,379
91,3114
92,352
93,1006
94,328
95,1786
96,297
97,4469
98,314
99,762
100,854
101,9258
102,918
103,9146
104,914
105,1598
106,777
107,9121
108,749
109,8885
110,723
111,1633
112,758
113,8909
114,668
115,3014
116,634
117,1311
118,715
119,4517
120,812
121,10084
122,815
123,1762
124,777
125,3705
126,757
127,10867
128,731
129,1523
130,718
131,10239
132,669
133,4836
134,653
135,1372
136,586
137,9874
138,596
139,9742
140,806
141,1470
142,789
143,9356
144,764
145,2989
146,742
147,1352
148,695
149,11093
150,686
151,11427
152,643
153,1481
154,812
155,3045
156,603
157,11307
158,532
159,1311
160,734
161,5238
162,784
163,11373
164,731
165,1446
166,696
167,11290
168,700
169,11574
170,744
171,1327
172,588
173,12098
174,577
175,2994
176,525
177,1133
178,489
179,11650
180,703
181,12495
182,774
183,1767
184,707
185,2934
186,659
187,8818
188,647
189,1364
190,585
191,11810
192,722
193,11839
194,519
195,1191
196,526
197,12801
198,464
199,12656
200,1035
201,2253
202,1098
203,5076
204,1127
205,3338
206,1008
207,1551
208,948
209,8977
210,925
211,13761
212,1015
213,1666
214,840
215,3244
216,1004
217,4886
218,779
219,1506
220,1067
221,11919
222,1108
223,13732
224,1028
225,1740
226,1153
227,14738
228,976
229,14573
230,931
231,1635
232,899
233,14259
234,866
235,2762
236,819
237,1343
238,824
239,13667
240,1047
241,15306
242,1028
243,1796
244,1272
245,3180
246,957
247,11637
248,933
249,1598
250,1045
251,14993
252,864
253,9018
254,844
255,1445
256,798
257,15771
258,757
259,4578
260,1114
261,1516
262,984
263,15958
264,962
265,2934
266,939
267,1413
268,891
269,15834
270,844
271,16116
272,817
273,1531
274,788
275,2891
276,763
277,15503
278,754
279,1366
280,939
281,16298
282,952
283,23834
284,1020
285,1868
286,902
287,4435
288,855
289,16520
290,815
291,1342
292,858
293,16838
294,752
295,2546
296,713
297,1244
298,806
299,10349
300,1008
301,5222
302,966
303,2190
304,981
305,3328
306,866
307,17638
308,812
309,1781
310,787
311,18263
312,748
313,17222
314,702
315,1659
316,675
317,17047
318,647
319,8416
320,921
321,1697
322,978
323,16852
324,868
325,3151
326,820
327,1710
328,883
329,4579
330,740
331,18840
332,718
333,1866
334,674
335,3257
336,720
337,24605
338,610
339,1616
340,877
341,8623
342,837
343,4291
344,991
345,1732
346,768
347,18339
348,746
349,18186
350,873
351,1585
352,745
353,18102
354,662
355,2742
356,643
357,1358
358,560
359,17798
360,824
361,19729
362,828
363,2065
364,763
365,3420
366,729
367,20316
368,712
369,1687
370,704
371,4872
372,637
373,19988
374,593
375,1495
376,574
377,10734
378,540
379,19376
380,778
381,1718
382,760
383,19733
384,736
385,2768
386,784
387,1505
388,671
389,19165
390,681
391,15837
392,599
393,1660
394,579
395,2737
396,612
397,18897
398,571
399,1405
400,1021
401,21905
402,1055
403,11955
404,1096
405,1973
406,941
407,9052
408,916
409,21617
410,884
411,1787
412,835
413,4646
414,815
415,3393
416,813
417,1470
418,881
419,20645
420,1021
421,22168
422,1036
423,1980
424,983
425,3690
426,994
427,5050
428,1104
429,1830
430,902
431,21799
432,857
433,21076
434,847
435,1762
436,804
437,18211
438,1012
439,20328
440,977
441,1827
442,1097
443,22357
444,995
445,3523
446,925
447,1569
448,979
449,22045
450,945
451,9208
452,836
453,1893
454,784
455,3429
456,751
457,22816
458,722
459,1699
460,942
461,22429
462,958
463,22160
464,929
465,1926
466,886
467,21892
468,860
469,4461
470,1028
471,1504
472,787
473,8029
474,874
475,2817
476,745
477,1408
478,682
479,20662
480,1044
481,11090
482,968
483,1818
484,881
485,3396
486,959
487,24004
488,807
489,1692
490,776
491,23737
492,744
493,15696
494,723
495,1684
496,678
497,4344
498,670
499,22769
500,1037
501,1571
502,882
503,23760
504,858
505,3511
506,837
507,1445
508,770
509,23077
510,780
511,4850
512,800
513,1580
514,660
515,3263
516,787
517,8129
518,633
519,1503
520,857
521,23635
522,879
523,23519
524,822
525,1532
526,763
527,16175
528,921
529,23165
530,713
531,1311
532,669
533,10361
534,726
535,3306
536,685
537,1158
538,599
539,4103
540,825
541,24457
542,883
543,1633
544,763
545,3323
546,832
547,23637
548,716
549,1443
550,656
551,18388
552,637
553,4443
554,629
555,1246
556,657
557,23361
558,569
559,10319
560,1145
561,1353
562,763
563,24392
564,734
565,3378
566,700
567,1202
568,770
569,24071
570,674
571,26892
572,601
573,1495
574,558
575,3275
576,560
577,24875
578,480
579,1179
580,850
581,4503
582,727
583,8221
584,697
585,1296
586,655
587,24563
588,643
589,17536
590,592
591,1131
592,547
593,23811
594,564
595,2528
596,656
597,989
598,502
599,23215
600,966
601,26915
602,983
603,2044
604,971
605,4096
606,906
607,26688
608,1029
609,1857
610,924
611,14357
612,889
613,26754
614,777
615,1681
616,865
617,25534
618,714
619,26266
620,982
621,1780
622,1020
623,5185
624,1056
625,3378
626,1994
627,1654
628,1026
629,15323
630,852
631,26945
632,861
633,1982
634,822
635,3540
636,754
637,4800
638,719
639,1970
640,960
641,26554
642,975
643,27168
644,928
645,1804
646,1040
647,26629
648,917
649,8540
650,840
651,1630
652,960
653,26197
654,753
655,3491
656,719
657,1495
658,676
659,26153
660,904
661,26998
662,945
663,2121
664,883
665,3504
666,952
667,23860
668,822
669,1735
670,788
671,8595
672,747
673,26186
674,818
675,1544
676,680
677,27177
678,680
679,4355
680,878
681,1626
682,935
683,27544
684,851
685,3451
686,803
687,1561
688,769
689,10371
690,783
691,27257
692,715
693,1674
694,658
695,3120
696,837
697,14424
698,613
699,1481
700,817
701,28148
702,845
703,18495
704,821
705,1608
706,790
707,5236
708,737
709,27430
710,712
711,1461
712,673
713,22588
714,674
715,3031
716,592
717,1260
718,571
719,26769
720,809
721,5336
722,887
723,2035
724,792
725,3448
726,1061
727,28316
728,725
729,1537
730,668
731,16035
732,652
733,28930
734,684
735,1391
736,640
737,8278
738,528
739,28649
740,760
741,1458
742,764
743,28104
744,782
745,2963
746,702
747,1410
748,954
749,4317
750,718
751,28735
752,609
753,1556
754,703
755,2921
756,520
757,27843
758,494
759,1312
760,846
761,28116
762,748
763,4983
764,702
765,1658
766,658
767,10321
768,629
769,27610
770,592
771,1256
772,586
773,28033
774,528
775,2685
776,522
777,1098
778,452
779,16959
780,713
781,8092
782,694
783,1550
784,653
785,2873
786,608
787,29151
788,601
789,1499
790,560
791,4587
792,541
793,9700
794,487
795,1190
796,446
797,28441
798,407
799,13804
800,928
801,1552
802,948
803,9060
804,929
805,3389
806,1018
807,1428
808,881
809,30354
810,806
811,31134
812,774
813,1571
814,767
815,3481
816,704
817,18171
818,673
819,1421
820,936
821,30010
822,963
823,30165
824,944
825,1664
826,877
827,29483
828,853
829,29329
830,997
831,1425
832,882
833,4490
834,810
835,2882
836,729
837,1284
838,719
839,28379
840,915
841,31201
842,920
843,1686
844,941
845,3479
846,838
847,5281
848,847
849,1649
850,793
851,23087
852,765
853,31575
854,716
855,1356
856,816
857,31197
858,636
859,30861
860,863
861,1413
862,877
863,30825
864,844
865,3218
866,839
867,1278
868,827
869,7745
870,744
871,9894
872,713
873,1461
874,658
875,4196
876,642
877,29927
878,599
879,1340
880,834
881,30826
882,857
883,30912
884,810
885,1380
886,945
887,30210
888,777
889,4387
890,707
891,1206
892,670
893,16337
894,684
895,2620
896,592
897,1268
898,577
899,28347
900,813
901,15947
902,814
903,1758
904,959
905,3359
906,745
907,32765
908,714
909,1762
910,681
911,35806
912,630
913,9120
914,640
915,1442
916,593
917,4882
918,544
919,32402
920,753
921,1800
922,764
923,11395
924,736
925,3189
926,702
927,1385
928,651
929,32214
930,643
931,4823
932,621
933,1710
934,560
935,3138
936,524
937,31761
938,498
939,1472
940,730
941,31770
942,734
943,21985
944,686
945,1558
946,664
947,30957
948,640
949,10179
950,592
951,1593
952,553
953,30921
954,529
955,2747
956,506
957,1220
958,454
959,4176
960,672
961,32971
962,700
963,1666
964,788
965,3215
966,626
967,33478
968,592
969,1620
970,552
971,32904
972,522
973,4510
974,485
975,1434
976,452
977,32146
978,424
979,7528
980,646
981,1411
982,732
983,32646
984,641
985,2773
986,575
987,1248
988,574
989,21243
990,516
991,32406
992,489
993,1632
994,448
995,2471
996,427
997,31892
998,372
999,1199
1000,1269
1001,7591
1002,1253
1003,23947
1004,1222
1005,2385
1006,1188
1007,27857
1008,1180
1009,50018
1010,1129
1011,2234
1012,1215
1013,49953
1014,1076
1015,4571
1016,1019
1017,2020
1018,1136
1019,48799
1020,1335
1021,49889
1022,1307
1023,2565
1024,1483
1025,4982
1026,1206
1027,16134
1028,1358
1029,2290
1030,1134
1031,51593
1032,1111
1033,51681
1034,1217
1035,2203
1036,1027
1037,22584
1038,1007
1039,51049
1040,1450
1041,2228
1042,1235
1043,6939
1044,1189
1045,4531
1046,1173
1047,2260
1048,1142
1049,-9949238
1050,1083
1051,51898
1052,1114
1053,2392
1054,1221
1055,4731
1056,1050
1057,7092
1058,1058
1059,2062
1060,1187
1061,50874
1062,1386
1063,50760
1064,1158
1065,2216
1066,1274
1067,12548
1068,1272
1069,50094
1070,1065
1071,2064
1072,1011
1073,43138
1074,1024
1075,4294
1076,957
1077,1905
1078,933
1079,14793
1080,1171
1081,32989
1082,1151
1083,2467
1084,1131
1085,4672
1086,1104
1087,50675
1088,1095
1089,2252
1090,1126
1091,52250
1092,1011
1093,51651
1094,955
1095,2117
1096,957
1097,51612
1098,877
1099,6388
1100,1115
1101,2061
1102,1181
1103,53270
1104,1222
1105,4384
1106,1095
1107,1949
1108,1023
1109,52496
1110,982
1111,16971
1112,1118
1113,2143
1114,907
1115,4363
1116,890
1117,52385
1118,837
1119,1936
1120,1081
1121,27218
1122,1094
1123,53521
1124,1111
1125,2161
1126,1043
1127,6665
1128,1120
1129,52661
1130,953
1131,1876
1132,914
1133,13229
1134,885
1135,3992
1136,854
1137,1689
1138,820
1139,22724
1140,1046
1141,6648
1142,1222
1143,2233
1144,1015
1145,4098
1146,1006
1147,52220
1148,964
1149,2959
1150,931
1151,91356
1152,948
1153,52135
1154,998
1155,1780
1156,804
1157,15352
1158,821
1159,25319
1160,998
1161,1865
1162,1017
1163,53810
1164,992
1165,4144
1166,943
1167,1900
1168,932
1169,6219
1170,2634
1171,56291
1172,852
1173,2091
1174,809
1175,4192
1176,770
1177,12119
1178,736
1179,1939
1180,970
1181,52536
1182,975
1183,6193
1184,941
1185,1872
1186,898
1187,57034
1188,891
1189,42400
1190,928
1191,1877
1192,812
1193,52069
1194,775
1195,3553
1196,726
1197,1642
1198,694
1199,11349
1200,1213
1201,56945
1202,1217
1203,2503
1204,1183
1205,5273
1206,1166
1207,24584
1208,1257
1209,2595
1210,1077
1211,7418
1212,1203
1213,56235
1214,1025
1215,2388
1216,976
1217,55853
1218,947
1219,34610
1220,1252
1221,2336
1222,1223
1223,55719
1224,1219
1225,4830
1226,1164
1227,2243
1228,1128
1229,56696
1230,1088
1231,56619
1232,1263
1233,2331
1234,1099
1235,4469
1236,1158
1237,55797
1238,960
1239,2209
1240,1315
1241,23484
1242,1206
1243,13358
1244,1314
1245,2325
1246,1125
1247,43690
1248,1086
1249,55263
1250,1064
1251,2127
1252,1050
1253,6861
1254,1012
1255,4781
1256,952
1257,1991
1258,926
1259,55049
1260,1162
1261,17029
1262,1328
1263,2429
1264,1101
1265,4765
1266,1294
1267,7245
1268,1064
1269,2455
1270,1015
1271,48214
1272,1029
1273,26098
1274,957
1275,2288
1276,914
1277,55282
1278,889
1279,55060
1280,1129
1281,2204
1282,1113
1283,56140
1284,1106
1285,4606
1286,1092
1287,2077
1288,1022
1289,55460
1290,991
1291,55351
1292,975
1293,2311
1294,915
1295,4386
1296,895
1297,56441
1298,839
1299,2043
1300,1096
1301,58147
1302,1101
1303,58004
1304,1059
1305,2200
1306,1015
1307,57614
1308,998
1309,6613
1310,953
1311,1965
1312,920
1313,16777
1314,886
1315,4273
1316,837
1317,1843
1318,804
1319,58605
1320,1082
1321,58668
1322,1082
1323,2240
1324,1007
1325,4737
1326,1006
1327,59922
1328,977
1329,2118
1330,930
1331,13359
1332,900
1333,47956
1334,858
1335,1928
1336,827
1337,6679
1338,773
1339,17007
1340,1137
1341,2038
1342,1004
1343,22885
1344,988
1345,4088
1346,953
1347,1912
1348,912
1349,25836
1350,866
1351,6574
1352,830
1353,2142
1354,845
1355,4197
1356,780
1357,32912
1358,737
1359,1870
1360,979
1361,58293
1362,999
1363,45563
1364,1090
1365,2007
1366,908
1367,57685
1368,904
1369,58195
1370,896
1371,1834
1372,798
1373,58757
1374,777
1375,3893
1376,729
1377,1729
1378,733
1379,5778
1380,935
1381,58743
1382,926
1383,2265
1384,910
1385,4023
1386,886
1387,25569
1388,830
1389,1966
1390,795
1391,15847
1392,763
1393,5884
1394,744
1395,1836
1396,809
1397,11596
1398,670
1399,56951
1400,1595
1401,2124
1402,1225
1403,34206
1404,1191
1405,4355
1406,1114
1407,2094
1408,1094
1409,60663
1410,1055
1411,26671
1412,1056
1413,2084
1414,974
1415,4264
1416,964
1417,16182
1418,908
1419,1896
1420,1454
1421,6811
1422,1216
1423,59011
1424,1173
1425,2236
1426,1113
1427,58731
1428,1090
1429,58299
1430,1065
1431,2346
1432,1033
1433,59075
1434,1008
1435,3886
1436,1084
1437,1777
1438,1062
1439,58012
1440,1144
1441,13358
1442,1160
1443,2336
1444,1124
1445,4188
1446,1101
1447,62879
1448,1195
1449,2087
1450,1527
1451,63677
1452,989
1453,63658
1454,950
1455,1870
1456,917
1457,48507
1458,1001
1459,62489
1460,1303
1461,1930
1462,1135
1463,6975
1464,1083
1465,3890
1466,1164
1467,1830
1468,1151
1469,16427
1470,1008
1471,62390
1472,1044
1473,2029
1474,1090
1475,3784
1476,1130
1477,6465
1478,856
1479,1783
1480,1268
1481,62143
1482,1105
1483,61966
1484,1057
1485,1902
1486,1164
1487,61384
1488,993
1489,60824
1490,1074
1491,1807
1492,1032
1493,60537
1494,1064
1495,3676
1496,910
1497,1866
1498,813
1499,64171
1500,1042
1501,27651
1502,1069
1503,2318
1504,1101
1505,4805
1506,1056
1507,13104
1508,966
1509,2161
1510,919
1511,62613
1512,991
1513,23995
1514,843
1515,2125
1516,809
1517,59958
1518,775
1519,6840
1520,1152
1521,2347
1522,1012
1523,64542
1524,1015
1525,4355
1526,1031
1527,1963
1528,896
1529,12479
1530,894
1531,65237
1532,864
1533,2288
1534,796
1535,4402
1536,797
1537,44053
1538,740
1539,2022
1540,962
1541,35483
1542,1004
1543,65165
1544,971
1545,2407
1546,906
1547,6952
1548,866
1549,64469
1550,862
1551,1894
1552,830
1553,66762
1554,772
1555,4128
1556,925
1557,1785
1558,692
1559,63823
1560,972
1561,7164
1562,949
1563,2274
1564,914
1565,4508
1566,887
1567,65856
1568,899
1569,1994
1570,1048
1571,65994
1572,766
1573,13027
1574,732
1575,1819
1576,705
1577,27354
1578,702
1579,64146
1580,891
1581,1942
1582,897
1583,64002
1584,1149
1585,3955
1586,839
1587,1768
1588,808
1589,6506
1590,775
1591,58223
1592,729
1593,2016
1594,708
1595,3932
1596,660
1597,62140
1598,774
1599,1747
1600,1137
1601,67677
1602,1176
1603,7186
1604,1198
1605,2204
1606,1312
1607,66406
1608,1032
1609,66445
1610,1008
1611,2194
1612,965
1613,66411
1614,977
1615,4540
1616,926
1617,1807
1618,864
1619,69489
1620,1311
1621,70163
1622,1188
1623,2351
1624,1259
1625,4593
1626,1111
1627,66131
1628,1050
1629,2162
1630,1032
1631,6963
1632,1136
1633,33658
1634,1106
1635,1958
1636,919
1637,65492
1638,1062
1639,12422
1640,1111
1641,2095
1642,1102
1643,47715
1644,1095
1645,4647
1646,1158
1647,1960
1648,1030
1649,23166
1650,1019
1651,17002
1652,944
1653,2225
1654,921
1655,4624
1656,871
1657,65687
1658,935
1659,1914
1660,1077
1661,12836
1662,1274
1663,65240
1664,1076
1665,2019
1666,1193
1667,64086
1668,1005
1669,64145
1670,1003
1671,1842
1672,914
1673,6421
1674,1029
1675,4004
1676,847
1677,1701
1678,831
1679,32105
1680,1045
1681,66762
1682,1296
1683,2341
1684,1080
1685,4618
1686,1162
1687,6870
1688,960
1689,2129
1690,950
1691,27413
1692,1020
1693,66966
1694,869
1695,1953
1696,803
1697,67274
1698,781
1699,66645
1700,1003
1701,1902
1702,1156
1703,16578
1704,989
1705,4514
1706,1037
1707,1757
1708,907
1709,67960
1710,895
1711,45601
1712,858
1713,1894
1714,811
1715,4053
1716,782
1717,24907
1718,742
1719,1738
1720,979
1721,68108
1722,1126
1723,67660
1724,1020
1725,1957
1726,1089
1727,12414
1728,877
1729,6051
1730,1005
1731,1739
1732,954
1733,66586
1734,787
1735,3805
1736,727
1737,1492
1738,733
1739,56964
1740,1090
1741,66083
1742,937
1743,2093
1744,943
1745,4226
1746,857
1747,66235
1748,875
1749,1992
1750,798
1751,24338
1752,786
1753,66838
1754,751
1755,1619
1756,696
1757,6545
1758,691
1759,65171
1760,919
1761,1876
1762,887
1763,66577
1764,880
1765,4011
1766,825
1767,1566
1768,788
1769,43707
1770,904
1771,6318
1772,726
1773,1807
1774,793
1775,3864
1776,658
1777,66803
1778,635
1779,1507
1780,833
1781,15078
1782,879
1783,66692
1784,903
1785,1638
1786,839
1787,66203
1788,759
1789,65886
1790,786
1791,1735
1792,686
1793,10721
1794,673
1795,3245
1796,653
1797,1308
1798,596
1799,5291
1800,1125
1801,70863
1802,1195
1803,2446
1804,1077
1805,4662
1806,1031
1807,16900
1808,1004
1809,2178
1810,968
1811,69209
1812,950
1813,6770
1814,923
1815,2016
1816,852
1817,34320
1818,843
1819,24162
1820,2180
1821,3663
1822,1140
1823,70110
1824,1099
1825,4425
1826,1055
1827,1994
1828,1159
1829,48369
1830,1010
1831,69503
1832,958
1833,2316
1834,1133
1835,4163
1836,866
1837,12258
1838,856
1839,2131
1840,1078
1841,6883
1842,1269
1843,28348
1844,1194
1845,2313
1846,1011
1847,68480
1848,974
1849,69528
1850,954
1851,1980
1852,903
1853,24098
1854,878
1855,4243
1856,829
1857,1806
1858,1014
1859,11617
1860,1137
1861,-9923678
1862,1134
1863,2212
1864,1070
1865,4289
1866,1187
1867,70011
1868,948
1869,2054
1870,908
1871,70922
1872,878
1873,69225
1874,898
1875,1893
1876,813
1877,69148
1878,778
1879,69038
1880,1013
1881,1969
1882,1015
1883,6418
1884,1120
1885,4159
1886,939
1887,1842
1888,902
1889,69295
1890,881
1891,47070
1892,863
1893,2140
1894,1027
1895,3979
1896,830
1897,6247
1898,737
1899,1854
1900,955
1901,70499
1902,979
1903,12751
1904,980
1905,2079
1906,975
1907,69927
1908,879
1909,35357
1910,849
1911,2145
1912,805
1913,71326
1914,802
1915,3743
1916,772
1917,1699
1918,746
1919,26647
1920,959
1921,24396
1922,953
1923,2086
1924,900
1925,4365
1926,929
1927,66754
1928,869
1929,1898
1930,800
1931,71556
1932,783
1933,74200
1934,750
1935,1732
1936,788
1937,15791
1938,701
1939,6131
1940,912
1941,1963
1942,899
1943,43917
1944,862
1945,3598
1946,843
1947,1797
1948,820
1949,70949
1950,768
1951,72456
1952,843
1953,1823
1954,698
1955,3829
1956,665
1957,27093
1958,629
1959,1648
1960,840
1961,58420
1962,955
1963,15559
1964,844
1965,1762
1966,985
1967,6248
1968,759
1969,11221
1970,736
1971,1740
1972,879
1973,70822
1974,660
1975,3391
1976,706
1977,1468
1978,580
1979,70213
1980,992
1981,6192
1982,873
1983,1880
1984,1043
1985,3761
1986,804
1987,72565
1988,759
1989,2042
1990,716
1991,11305
1992,645
1993,72055
1994,615
1995,1576
1996,576
1997,70211
1998,575
1999,70516
2000,1407
2001,2235
2002,1430
2003,75215
2004,1455
2005,4844
2006,1402
2007,2736
2008,1315
2009,8610
2010,1518
2011,77825
2012,1430
2013,2319
2014,1372
2015,4890
2016,1301
2017,72714
2018,1159
2019,2243
2020,1735
2021,69907
2022,1461
2023,6695
2024,1611
2025,2287
2026,1362
2027,74494
2028,1513
2029,74789
2030,1301
2031,2108
2032,1591
2033,27397
2034,1380
2035,4205
2036,1227
2037,1912
2038,1161
2039,74128
2040,1400
2041,16742
2042,1459
2043,2342
2044,1364
2045,4894
2046,1334
2047,34926
2048,1300
2049,2284
2050,1255
2051,7248
2052,1392
2053,74965
2054,1281
2055,2191
2056,1166
2057,12588
2058,1118
2059,44734
2060,1528
2061,2103
2062,1452
2063,74205
2064,1308
2065,6126
2066,1296
2067,3609
2068,1350
2069,73683
2070,1437
2071,27095
2072,1204
2073,2265
2074,1252
2075,4338
2076,1101
2077,46682
2078,1125
2079,1964
2080,1302
2081,73666
2082,1324
2083,74423
2084,1526
2085,2087
2086,1251
2087,77247
2088,1295
2089,77084
2090,1174
2091,2039
2092,1164
2093,6140
2094,1104
2095,4238
2096,1333
2097,1743
2098,1184
2099,73677
2100,1271
2101,14130
2102,1377
2103,2498
2104,1273
2105,5180
2106,1423
2107,7582
2108,1236
2109,2289
2110,1158
2111,77559
2112,1109
2113,77344
2114,1184
2115,2141
2116,1035
2117,46330
2118,1027
2119,16388
2120,1273
2121,2225
2122,1255
2123,13269
2124,1249
2125,4488
2126,1178
2127,2283
2128,1295
2129,75927
2130,1316
2131,76815
2132,1108
2133,2314
2134,1188
2135,4446
2136,1046
2137,75615
2138,982
2139,2162
2140,2286
2141,75765
2142,1300
2143,75919
2144,1185
2145,2237
2146,1142
2147,26889
2148,1132
2149,6442
2150,1111
2151,2074
2152,1048
2153,74238
2154,1217
2155,4458
2156,955
2157,1875
2158,941
2159,22890
2160,1169
2161,77474
2162,1192
2163,2306
2164,1233
2165,4892
2166,1179
2167,12730
2168,1105
2169,2163
2170,1039
2171,16145
2172,1001
2173,67477
2174,1098
2175,2028
2176,940
2177,6799
2178,935
2179,75108
2180,1129
2181,2218
2182,1250
2183,59212
2184,1107
2185,4241
2186,1091
2187,1928
2188,1021
2189,11725
2190,999
2191,6743
2192,982
2193,2087
2194,929
2195,4063
2196,934
2197,14990
2198,1018
2199,1925
2200,1430
2201,49967
2202,1492
2203,76946
2204,1426
2205,2418
2206,1361
2207,77089
2208,1346
2209,77179
2210,1318
2211,2219
2212,1263
2213,78663
2214,1276
2215,4728
2216,1282
2217,2015
2218,1151
2219,6509
2220,1438
2221,78443
2222,1448
2223,2708
2224,1714
2225,4609
2226,1405
2227,24256
2228,1372
2229,2389
2230,1296
2231,35372
2232,1314
2233,6512
2234,1402
2235,2194
2236,1215
2237,77263
2238,1233
2239,76739
2240,1421
2241,2409
2242,1566
2243,77752
2244,1444
2245,4371
2246,1378
2247,2169
2248,1303
2249,15997
2250,1267
2251,79376
2252,1234
2253,2283
2254,1182
2255,4793
2256,1179
2257,59281
2258,1154
2259,2195
2260,1344
2261,8122
2262,1370
2263,48384
2264,1414
2265,2556
2266,1340
2267,78990
2268,1289
2269,77194
2270,1411
2271,2104
2272,1266
2273,77662
2274,1273
2275,3872
2276,1265
2277,2089
2278,1097
2279,69454
2280,1325
2281,78510
2282,1338
2283,2403
2284,1314
2285,4611
2286,1417
2287,78346
2288,1262
2289,2174
2290,1320
2291,44493
2292,1169
2293,80931
2294,1136
2295,2034
2296,1080
2297,76687
2298,1063
2299,11390
2300,1304
2301,2334
2302,1298
2303,6235
2304,1425
2305,4162
2306,1333
2307,1971
2308,1192
2309,79193
2310,1184
2311,81388
2312,1156
2313,2121
2314,1118
2315,4196
2316,1077
2317,6358
2318,1025
2319,2096
2320,1246
2321,13033
2322,1522
2323,36252
2324,1419
2325,2200
2326,1197
2327,15935
2328,1171
2329,22503
2330,1122
2331,2129
2332,1087
2333,81317
2334,1067
2335,3690
2336,1175
2337,1860
2338,999
2339,78827
2340,1233
2341,81412
2342,1230
2343,2274
2344,1381
2345,3846
2346,1173
2347,79685
2348,1215
2349,2020
2350,1082
2351,80567
2352,1069
2353,15605
2354,1020
2355,2043
2356,990
2357,79432
2358,1014
2359,6002
2360,1207
2361,2170
2362,1190
2363,22188
2364,1185
2365,4134
2366,1236
2367,1864
2368,1091
2369,34270
2370,1210
2371,79365
2372,1045
2373,1981
2374,980
2375,3875
2376,950
2377,76522
2378,936
2379,1739
2380,1459
2381,78318
2382,1319
2383,78133
2384,1140
2385,2429
2386,1248
2387,5603
2388,1229
2389,77230
2390,1075
2391,1977
2392,1081
2393,76782
2394,1092
2395,3321
2396,1002
2397,1519
2398,1113
2399,76138
2400,1551
2401,7435
2402,1393
2403,2539
2404,1378
2405,5100
2406,1389
2407,46995
2408,1288
2409,2386
2410,1269
2411,83067
2412,1224
2413,28949
2414,1183
2415,2210
2416,1131
2417,82681
2418,1134
2419,66959
2420,1400
2421,2492
2422,1401
2423,82653
2424,1376
2425,4422
2426,1337
2427,2260
2428,1384
2429,6714
2430,1284
2431,13089
2432,1357
2433,2637
2434,1311
2435,4208
2436,1165
2437,82352
2438,1141
2439,2398
2440,1365
2441,81842
2442,1358
2443,6751
2444,1338
2445,2531
2446,1310
2447,81934
2448,1297
2449,50279
2450,1380
2451,2230
2452,1310
2453,12833
2454,1184
2455,4296
2456,1279
2457,2018
2458,1079
2459,81099
2460,1327
2461,36093
2462,1366
2463,2443
2464,1312
2465,4661
2466,1255
2467,81430
2468,1230
2469,2406
2470,1354
2471,6675
2472,1195
2473,80468
2474,1293
2475,2136
2476,1089
2477,81036
2478,1199
2479,58166
2480,1326
2481,2213
2482,1295
2483,16334
2484,1259
2485,4517
2486,1251
2487,2045
2488,1193
2489,27078
2490,1218
2491,75469
2492,1127
2493,2211
2494,1130
2495,4057
2496,1254
2497,11954
2498,1014
2499,2064
2500,1243
2501,65486
2502,1653
2503,82675
2504,1365
2505,2504
2506,1187
2507,34135
2508,1211
2509,15801
2510,1150
2511,2056
2512,1098
2513,6352
2514,1195
2515,4195
2516,1055
2517,1852
2518,981
2519,11987
2520,1254
2521,84510
2522,1237
2523,2261
2524,1203
2525,4891
2526,1157
2527,7368
2528,1131
2529,2120
2530,1179
2531,86077
2532,1061
2533,26625
2534,1185
2535,2444
2536,1012
2537,71270
2538,962
2539,-9913638
2540,1285
2541,2165
2542,1287
2543,83522
2544,1161
2545,4018
2546,1131
2547,2138
2548,1227
2549,82907
2550,1053
2551,84915
2552,1017
2553,2244
2554,1017
2555,4542
2556,943
2557,82827
2558,980
2559,1866
2560,1147
2561,16212
2562,1176
2563,12773
2564,1356
2565,2173
2566,1078
2567,23609
2568,1051
2569,6446
2570,1139
2571,1999
2572,1006
2573,48487
2574,977
2575,4241
2576,911
2577,1769
2578,958
2579,82002
2580,1346
2581,45086
2582,1138
2583,2102
2584,1303
2585,4259
2586,1064
2587,15155
2588,1030
2589,1949
2590,974
2591,82036
2592,947
2593,81925
2594,913
2595,1740
2596,858
2597,6331
2598,898
2599,33145
2600,1330
2601,2115
2602,1522
2603,27139
2604,1345
2605,4891
2606,1338
2607,1996
2608,1250
2609,85396
2610,1253
2611,6751
2612,1182
2613,2163
2614,1150
2615,4451
2616,1140
2617,85324
2618,1091
2619,2210
2620,1366
2621,84702
2622,1397
2623,68712
2624,1374
2625,2264
2626,1313
2627,58616
2628,1310
2629,11783
2630,1391
2631,1988
2632,1364
2633,82666
2634,1167
2635,3772
2636,1306
2637,2126
2638,1082
2639,5536
2640,1308
2641,26799
2642,1346
2643,2389
2644,1344
2645,4198
2646,1280
2647,84707
2648,1239
2649,2153
2650,1549
2651,12855
2652,1163
2653,6242
2654,1131
2655,2069
2656,1093
2657,83932
2658,1073
2659,87306
2660,1274
2661,1979
2662,1293
2663,86472
2664,1333
2665,4181
2666,1236
2667,1941
2668,1198
2669,22406
2670,1313
2671,84642
2672,1129
2673,1991
2674,1111
2675,4008
2676,1048
2677,83615
2678,1024
2679,1956
2680,1271
2681,6249
2682,1423
2683,83460
2684,1292
2685,1953
2686,1184
2687,83471
2688,1158
2689,82177
2690,1148
2691,1965
2692,1294
2693,81172
2694,1046
2695,3738
2696,1010
2697,1612
2698,1127
2699,80507
2700,1222
2701,59377
2702,1223
2703,2356
2704,1210
2705,4455
2706,1164
2707,91669
2708,1119
2709,2201
2710,1079
2711,87591
2712,1093
2713,85376
2714,1040
2715,2184
2716,990
2717,11812
2718,1098
2719,87437
2720,1168
2721,2308
2722,1207
2723,6128
2724,1296
2725,4364
2726,1106
2727,1937
2728,1097
2729,85879
2730,1051
2731,87410
2732,1058
2733,2189
2734,973
2735,4291
2736,944
2737,6330
2738,911
2739,1976
2740,1153
2741,86905
2742,1172
2743,15527
2744,1109
2745,2301
2746,1071
2747,65565
2748,1220
2749,85514
2750,1041
2751,1934
2752,1163
2753,85581
2754,960
2755,3967
2756,895
2757,1887
2758,900
2759,47836
2760,1104
2761,12209
2762,1155
2763,2189
2764,1231
2765,4182
2766,1063
2767,86173
2768,1099
2769,2169
2770,987
2771,22821
2772,974
2773,76013
2774,919
2775,1988
2776,898
2777,86430
2778,848
2779,5819
2780,1132
2781,2093
2782,1069
2783,11583
2784,1037
2785,3595
2786,1036
2787,1820
2788,979
2789,83843
2790,943
2791,84085
2792,926
2793,2085
2794,882
2795,3525
2796,821
2797,83393
2798,915
2799,1840
2800,1322
2801,87727
2802,1321
2803,87686
2804,1281
2805,2270
2806,1262
2807,6884
2808,1378
2809,88488
2810,1253
2811,2043
2812,1141
2813,46832
2814,1165
2815,4267
2816,1080
2817,1860
2818,1101
2819,88149
2820,1347
2821,6939
2822,1325
2823,2358
2824,1305
2825,4623
2826,1278
2827,12256
2828,1252
2829,2357
2830,1340
2831,25911
2832,1167
2833,88591
2834,1111
2835,2212
2836,1170
2837,86858
2838,1063
2839,22294
2840,1375
2841,2142
2842,1319
2843,87524
2844,1290
2845,4196
2846,1246
2847,1971
2848,1208
2849,6184
2850,1151
2851,85850
2852,1175
2853,2278
2854,1091
2855,4265
2856,1075
2857,85280
2858,1014
2859,1915
2860,1257
2861,94398
2862,1303
2863,6265
2864,1248
2865,2063
2866,1385
2867,82948
2868,1181
2869,25420
2870,1212
2871,1903
2872,1228
2873,15134
2874,1141
2875,4021
2876,1032
2877,1725
2878,975
2879,86588
2880,1209
2881,73428
2882,1247
2883,2185
2884,1192
2885,4280
2886,1148
2887,89928
2888,1151
2889,2258
2890,1104
2891,6231
2892,1130
2893,12143
2894,1025
2895,1932
2896,1026
2897,90332
2898,1083
2899,15697
2900,1197
2901,2001
2902,1270
2903,90704
2904,1495
2905,4358
2906,1118
2907,1787
2908,1082
2909,89132
2910,1072
2911,69189
2912,1270
2913,1959
2914,986
2915,3767
2916,1099
2917,90803
2918,1057
2919,1733
2920,1192
2921,34402
2922,1174
2923,59879
2924,1292
2925,1893
2926,1102
2927,89218
2928,1077
2929,45903
2930,1029
2931,1798
2932,1001
2933,5630
2934,954
2935,3605
2936,923
2937,1534
2938,872
2939,88231
2940,1120
2941,22475
2942,1148
2943,1979
2944,1081
2945,3984
2946,1062
2947,5899
2948,1003
2949,1951
2950,1139
2951,14797
2952,960
2953,89065
2954,983
2955,1633
2956,892
2957,87779
2958,857
2959,10567
2960,1238
2961,1702
2962,1218
2963,89427
2964,1181
2965,3681
2966,1041
2967,1733
2968,1145
2969,87182
2970,1114
2971,88250
2972,921
2973,1906
2974,872
2975,3563
2976,850
2977,14561
2978,907
2979,1615
2980,1028
2981,11407
2982,1032
2983,24564
2984,1071
2985,1722
2986,986
2987,44214
2988,1042
2989,5128
2990,899
2991,1544
2992,873
2993,62676
2994,832
2995,2999
2996,801
2997,1584
2998,765
2999,86379
3000,1283
3001,92956
3002,1285
3003,2780
3004,1233
3005,5112
3006,1241
3007,51819
3008,1222
3009,2506
3010,1183
3011,92432
3012,1150
3013,35613
3014,1076
3015,2366
3016,1042
3017,7418
3018,1086
3019,90751
3020,1390
3021,2460
3022,1463
3023,90975
3024,1276
3025,4397
3026,1387
3027,2565
3028,1210
3029,16126
3030,1291
3031,6969
3032,1109
3033,2705
3034,1074
3035,4347
3036,1043
3037,90710
3038,1015
3039,2579
3040,1247
3041,92432
3042,1411
3043,23629
3044,1291
3045,2578
3046,1284
3047,12627
3048,1340
3049,90984
3050,1153
3051,2325
3052,1088
3053,69758
3054,1089
3055,4751
3056,1111
3057,2206
3058,974
3059,6513
3060,1209
3061,92487
3062,1221
3063,2750
3064,1195
3065,4783
3066,1255
3067,92644
3068,1140
3069,2458
3070,1129
3071,60058
3072,1038
3073,6621
3074,1016
3075,2272
3076,1128
3077,22409
3078,969
3079,90165
3080,1262
3081,2423
3082,1173
3083,92030
3084,1144
3085,4364
3086,1099
3087,2203
3088,1227
3089,92850
3090,1050
3091,12357
3092,1007
3093,2915
3094,978
3095,4346
3096,962
3097,26124
3098,910
3099,2332
3100,1134
3101,6914
3102,1153
3103,46706
3104,1146
3105,2314
3106,1109
3107,15829
3108,1036
3109,91176
3110,1026
3111,2323
3112,974
3113,12110
3114,943
3115,3974
3116,918
3117,2200
3118,860
3119,89925
3120,1295
3121,93098
3122,1132
3123,2556
3124,1145
3125,4371
3126,1030
3127,87688
3128,1009
3129,2297
3130,1119
3131,50895
3132,943
3133,15769
3134,913
3135,2204
3136,889
3137,92232
3138,924
3139,69178
3140,1160
3141,2170
3142,1080
3143,6406
3144,1035
3145,4147
3146,1012
3147,2056
3148,981
3149,74732
3150,979
3151,33792
3152,914
3153,2207
3154,860
3155,4178
3156,837
3157,6341
3158,805
3159,2024
3160,1042
3161,46422
3162,1037
3163,-9905791
3164,1031
3165,2324
3166,990
3167,105021
3168,1169
3169,93030
3170,904
3171,2104
3172,925
3173,29950
3174,831
3175,3982
3176,802
3177,1937
3178,772
3179,11119
3180,986
3181,93659
3182,1092
3183,2401
3184,958
3185,4066
3186,1023
3187,92771
3188,885
3189,2256
3190,851
3191,92048
3192,929
3193,48440
3194,794
3195,2161
3196,921
3197,31761
3198,748
3199,5436
3200,1559
3201,2412
3202,1246
3203,96224
3204,1220
3205,4528
3206,1217
3207,2191
3208,1392
3209,95312
3210,1241
3211,16369
3212,1104
3213,2366
3214,1060
3215,4847
3216,998
3217,94142
3218,1114
3219,2246
3220,1269
3221,95185
3222,1408
3223,12655
3224,1336
3225,2441
3226,1217
3227,6627
3228,1195
3229,95305
3230,1108
3231,2304
3232,1241
3233,88704
3234,1119
3235,4038
3236,1044
3237,1945
3238,1084
3239,66594
3240,1211
3241,7010
3242,1228
3243,2389
3244,1255
3245,4674
3246,1150
3247,24193
3248,1367
3249,2383
3250,1130
3251,97983
3252,1299
3253,98381
3254,1162
3255,2112
3256,980
3257,97395
3258,927
3259,98240
3260,1169
3261,2270
3262,1206
3263,18064
3264,1157
3265,4216
3266,1419
3267,4444
3268,1069
3269,6335
3270,1034
3271,96481
3272,1048
3273,2138
3274,974
3275,4108
3276,1337
3277,46585
3278,919
3279,2195
3280,1267
3281,27384
3282,1360
3283,6260
3284,1123
3285,2336
3286,1383
3287,26163
3288,1035
3289,11480
3290,1120
3291,1947
3292,991
3293,59613
3294,945
3295,4061
3296,919
3297,1840
3298,854
3299,94210
3300,1095
3301,99054
3302,1350
3303,2517
3304,1134
3305,4674
3306,1186
3307,98269
3308,1013
3309,2507
3310,1019
3311,6796
3312,987
3313,97489
3314,1041
3315,2233
3316,892
3317,50945
3318,913
3319,96763
3320,1066
3321,2403
3322,1113
3323,96950
3324,1037
3325,4590
3326,1079
3327,2343
3328,1038
3329,96603
3330,952
3331,96614
3332,1134
3333,2511
3334,903
3335,4289
3336,839
3337,77008
3338,881
3339,2160
3340,1265
3341,15432
3342,1157
3343,95075
3344,1014
3345,2328
3346,1069
3347,95423
3348,951
3349,22001
3350,1021
3351,2114
3352,1036
3353,5808
3354,941
3355,4237
3356,900
3357,1980
3358,756
3359,92370
3360,991
3361,97601
3362,1009
3363,2568
3364,963
3365,4545
3366,1026
3367,6634
3368,1007
3369,2310
3370,898
3371,98547
3372,827
3373,97626
3374,897
3375,2171
3376,919
3377,12093
3378,728
3379,49272
3380,951
3381,2126
3382,1021
3383,23147
3384,934
3385,4098
3386,896
3387,2185
3388,867
3389,96384
3390,939
3391,96324
3392,883
3393,2295
3394,764
3395,4129
3396,720
3397,69165
3398,722
3399,1983
3400,1270
3401,27573
3402,1212
3403,68490
3404,1156
3405,2494
3406,1133
3407,97362
3408,1183
3409,6245
3410,1225
3411,2438
3412,1079
3413,99132
3414,1032
3415,4244
3416,968
3417,2146
3418,938
3419,15585
3420,1200
3421,12608
3422,1223
3423,2695
3424,1307
3425,4294
3426,1149
3427,35019
3428,1281
3429,2509
3430,1075
3431,81951
3432,1044
3433,98834
3434,1018
3435,2223
3436,1043
3437,5984
3438,958
3439,26238
3440,1311
3441,2292
3442,1276
3443,12747
3444,1154
3445,4121
3446,1106
3447,2273
3448,1155
3449,98571
3450,1162
3451,6754
3452,1015
3453,2459
3454,1000
3455,4291
3456,941
3457,98128
3458,906
3459,2165
3460,1112
3461,98159
3462,1128
3463,97957
3464,1115
3465,2359
3466,1170
3467,97016
3468,1259
3469,101007
3470,1004
3471,2341
3472,964
3473,32420
3474,1026
3475,3796
3476,898
3477,1947
3478,854
3479,5070
3480,1366
3481,98590
3482,1201
3483,2475
3484,1068
3485,4098
3486,1197
3487,11482
3488,1039
3489,2210
3490,1063
3491,96997
3492,950
3493,5607
3494,901
3495,2157
3496,853
3497,14287
3498,968
3499,95946
3500,1139
3501,2127
3502,1222
3503,49101
3504,1034
3505,4219
3506,1096
3507,1970
3508,956
3509,12053
3510,951
3511,99835
3512,935
3513,2305
3514,854
3515,4120
3516,846
3517,99432
3518,826
3519,2048
3520,1274
3521,6527
3522,1056
3523,16056
3524,1018
3525,2074
3526,970
3527,100708
3528,1071
3529,99976
3530,907
3531,1995
3532,999
3533,100621
3534,835
3535,3692
3536,826
3537,1818
3538,918
3539,98727
3540,1223
3541,100200
3542,1031
3543,2156
3544,974
3545,3915
3546,1152
3547,100283
3548,981
3549,2020
3550,849
3551,88018
3552,827
3553,11751
3554,876
3555,1860
3556,783
3557,99534
3558,741
3559,99768
3560,1113
3561,1905
3562,1023
3563,6168
3564,935
3565,4001
3566,1014
3567,1786
3568,866
3569,68948
3570,849
3571,99111
3572,805
3573,2174
3574,772
3575,3854
3576,836
3577,6003
3578,688
3579,1870
3580,1013
3581,97495
3582,932
3583,97620
3584,920
3585,2011
3586,841
3587,21989
3588,1031
3589,57122
3590,870
3591,1874
3592,746
3593,95532
3594,720
3595,3489
3596,687
3597,1586
3598,645
3599,94146
3600,1403
3601,16961
3602,1160
3603,2880
3604,1131
3605,4924
3606,1100
3607,104860
3608,1107
3609,2480
3610,1017
3611,36255
3612,1110
3613,104340
3614,1055
3615,2203
3616,949
3617,103519
3618,877
3619,6800
3620,1163
3621,2560
3622,1173
3623,103662
3624,1246
3625,4440
3626,1124
3627,2379
3628,1166
3629,27311
3630,1153
3631,103723
3632,1003
3633,2560
3634,965
3635,4425
3636,941
3637,102898
3638,1059
3639,2393
3640,1299
3641,13062
3642,1171
3643,104866
3644,1224
3645,2542
3646,1094
3647,6818
3648,1052
3649,70275
3650,1013
3651,2188
3652,978
3653,16039
3654,978
3655,4326
3656,889
3657,2056
3658,994
3659,100358
3660,1101
3661,6991
3662,1241
3663,2465
3664,1171
3665,4469
3666,1028
3667,26884
3668,1015
3669,2319
3670,971
3671,100588
3672,931
3673,99542
3674,944
3675,2135
3676,855
3677,99210
3678,826
3679,15089
3680,1050
3681,2215
3682,1124
3683,45509
3684,1031
3685,4188
3686,1018
3687,2211
3688,955
3689,6273
3690,932
3691,100575
3692,1131
3693,2411
3694,853
3695,4063
3696,818
3697,99408
3698,820
3699,2170
3700,1014
3701,100026
3702,1065
3703,6524
3704,995
3705,2211
3706,985
3707,12288
3708,945
3709,99267
3710,914
3711,2214
3712,869
3713,79621
3714,823
3715,3817
3716,788
3717,1864
3718,942
3719,99573
3720,1017
3721,-9898879
3722,1015
3723,2312
3724,957
3725,4396
3726,945
3727,101014
3728,885
3729,2149
3730,849
3731,6501
3732,846
3733,101206
3734,789
3735,1979
3736,956
3737,59943
3738,820
3739,100273
3740,985
3741,2037
3742,990
3743,25561
3744,932
3745,3954
3746,923
3747,1922
3748,1047
3749,31935
3750,958
3751,12014
3752,790
3753,2087
3754,779
3755,4051
3756,731
3757,14514
3758,692
3759,2063
3760,931
3761,100789
3762,927
3763,86269
3764,893
3765,2033
3766,860
3767,99856
3768,853
3769,100065
3770,785
3771,1839
3772,772
3773,5855
3774,734
3775,3787
3776,687
3777,1650
3778,642
3779,99707
3780,881
3781,26177
3782,888
3783,2205
3784,842
3785,3790
3786,811
3787,6235
3788,776
3789,1917
3790,757
3791,22715
3792,702
3793,101831
3794,696
3795,1749
3796,657
3797,100102
3798,612
3799,43175
3800,1110
3801,2139
3802,1149
3803,104009
3804,1268
3805,4237
3806,1045
3807,1974
3808,1162
3809,15120
3810,988
3811,61616
3812,960
3813,2293
3814,920
3815,3993
3816,885
3817,11321
3818,1058
3819,1935
3820,1115
3821,101335
3822,1164
3823,101645
3824,1213
3825,2265
3826,1102
3827,69603
3828,1060
3829,5635
3830,1162
3831,2050
3832,965
3833,99431
3834,934
3835,3673
3836,960
3837,1957
3838,851
3839,10125
3840,1168
3841,32773
3842,1190
3843,2412
3844,1067
3845,3935
3846,1023
3847,103079
3848,1143
3849,2103
3850,985
3851,104133
3852,974
3853,104194
3854,995
3855,2136
3856,870
3857,6073
3858,816
3859,21585
3860,1052
3861,2047
3862,1213
3863,102469
3864,1096
3865,3627
3866,984
3867,2057
3868,957
3869,86351
3870,1052
3871,5776
3872,893
3873,1998
3874,1027
3875,3549
3876,833
3877,100844
3878,837
3879,1986
3880,1106
3881,101697
3882,1048
3883,10939
3884,1021
3885,1974
3886,976
3887,14015
3888,951
3889,99938
3890,918
3891,1789
3892,852
3893,19858
3894,821
3895,3374
3896,774
3897,1893
3898,766
3899,4917
3900,1116
3901,77821
3902,992
3903,2484
3904,957
3905,4042
3906,932
3907,117793
3908,950
3909,2151
3910,844
3911,102813
3912,858
3913,5575
3914,774
3915,2188
3916,757
3917,102144
3918,718
3919,102081
3920,957
3921,2250
3922,963
3923,103368
3924,962
3925,3882
3926,877
3927,1993
3928,879
3929,102782
3930,844
3931,102404
3932,777
3933,2135
3934,749
3935,3967
3936,722
3937,47744
3938,670
3939,2203
3940,912
3941,5629
3942,912
3943,102318
3944,889
3945,2089
3946,850
3947,101709
3948,825
3949,10035
3950,785
3951,1932
3952,786
3953,97531
3954,723
3955,3554
3956,716
3957,1796
3958,648
3959,57388
3960,869
3961,22282
3962,891
3963,2398
3964,845
3965,3866
3966,806
3967,103183
3968,935
3969,2021
3970,771
3971,10824
3972,730
3973,42750
3974,684
3975,2049
3976,646
3977,65038
3978,642
3979,30788
3980,861
3981,2082
3982,854
3983,5237
3984,801
3985,3464
3986,774
3987,1855
3988,764
3989,102106
3990,711
3991,13892
3992,681
3993,1985
3994,642
3995,3169
3996,595
3997,5160
3998,570
3999,1792
4000,1378
4001,109386
4002,1388
4003,109678
4004,1538
4005,2543
4006,1348
4007,115768
4008,1340
4009,27569
4010,1311
4011,2323
4012,1201
4013,107192
4014,1182
4015,4820
4016,1447
4017,2150
4018,1083
4019,107585
4020,1446
4021,106297
4022,1546
4023,2770
4024,1351
4025,5095
4026,1321
4027,111560
4028,1287
4029,2508
4030,1251
4031,45268
4032,1228
4033,61801
4034,1185
4035,2489
4036,1162
4037,12179
4038,1135
4039,6393
4040,1346
4041,2776
4042,1358
4043,16051
4044,1418
4045,4807
4046,1301
4047,2275
4048,1350
4049,105273
4050,1229
4051,105861
4052,1417
4053,2470
4054,1150
4055,4929
4056,1337
4057,106320
4058,1084
4059,2419
4060,1355
4061,48732
4062,1397
4063,22506
4064,1314
4065,2364
4066,1457
4067,6593
4068,1208
4069,15681
4070,1194
4071,2234
4072,1162
4073,106524
4074,1106
4075,4624
4076,1231
4077,2020
4078,1066
4079,104700
4080,1275
4081,6765
4082,1422
4083,2494
4084,1241
4085,4823
4086,1343
4087,102080
4088,1163
4089,2326
4090,1141
4091,106061
4092,1152
4093,105433
4094,1073
4095,2118
4096,1033
4097,22451
4098,1015
4099,107256
4100,1236
4101,2218
4102,4217
4103,12594
4104,1393
4105,4712
4106,1181
4107,2101
4108,1146
4109,6372
4110,1106
4111,107192
4112,1106
4113,2277
4114,1042
4115,4847
4116,1067
4117,32098
4118,986
4119,2063
4120,1202
4121,16291
4122,1213
4123,6374
4124,1182
4125,2219
4126,1204
4127,106835
4128,1129
4129,106169
4130,1079
4131,2054
4132,1060
4133,106339
4134,1036
4135,4164
4136,1108
4137,1856
4138,993
4139,105293
4140,1172
4141,82028
4142,1243
4143,2326
4144,1121
4145,4451
4146,1123
4147,11603
4148,1065
4149,2142
4150,1028
4151,6403
4152,999
4153,104334
4154,984
4155,1972
4156,918
4157,104805
4158,1056
4159,103583
4160,1123
4161,2073
4162,1153
4163,32762
4164,1255
4165,4682
4166,1240
4167,2370
4168,1231
4169,12314
4170,1143
4171,70041
4172,1071
4173,2050
4174,1065
4175,4271
4176,916
4177,104526
4178,909
4179,1886
4180,1102
4181,59052
4182,1110
4183,76998
4184,1062
4185,2024
4186,1025
4187,84892
4188,1018
4189,94787
4190,967
4191,1958
4192,936
4193,5198
4194,903
4195,3772
4196,892
4197,1633
4198,809
4199,13575
4200,1619
4201,110885
4202,1463
4203,2733
4204,1358
4205,5264
4206,1317
4207,7523
4208,1305
4209,2510
4210,1271
4211,111355
4212,1243
4213,12804
4214,1198
4215,2355
4216,1163
4217,109750
4218,1112
4219,110947
4220,1554
4221,2633
4222,1402
4223,71100
4224,1518
4225,4746
4226,1329
4227,2669
4228,1302
4229,113263
4230,1287
4231,110653
4232,1256
4233,2579
4234,1185
4235,4617
4236,1209
4237,26234
4238,1143
4239,2397
4240,1354
4241,110693
4242,1366
4243,114874
4244,1386
4245,2520
4246,1300
4247,48947
4248,1264
4249,6831
4250,1239
4251,2517
4252,1189
4253,110744
4254,1164
4255,4479
4256,1128
4257,2351
4258,1083
4259,108669
4260,1391
4261,-9889488
4262,1326
4263,2626
4264,1298
4265,4917
4266,1259
4267,22193
4268,1230
4269,2854
4270,1245
4271,109160
4272,1169
4273,108316
4274,1149
4275,2261
4276,1128
4277,6878
4278,1116
4279,11604
4280,1302
4281,2522
4282,1336
4283,106823
4284,1403
4285,4348
4286,1287
4287,2242
4288,1372
4289,106539
4290,1164
4291,6761
4292,1129
4293,2543
4294,1392
4295,4288
4296,1048
4297,106955
4298,1094
4299,2233
4300,1268
4301,12120
4302,4906
4303,15930
4304,1238
4305,2377
4306,1192
4307,98110
4308,1174
4309,46276
4310,1116
4311,2254
4312,1075
4313,24863
4314,1053
4315,4015
4316,1021
4317,2125
4318,1130
4319,5792
4320,1246
4321,44382
4322,1255
4323,2465
4324,1167
4325,4675
4326,1198
4327,110145
4328,1113
4329,2304
4330,1101
4331,102194
4332,1080
4333,6201
4334,1030
4335,2683
4336,988
4337,109447
4338,951
4339,111818
4340,1226
4341,2192
4342,1317
4343,72763
4344,1188
4345,3871
4346,1408
4347,2220
4348,1084
4349,108330
4350,1059
4351,25945
4352,1185
4353,2253
4354,987
4355,4069
4356,953
4357,110750
4358,935
4359,2033
4360,1187
4361,6677
4362,1152
4363,109637
4364,1110
4365,2197
4366,1173
4367,11438
4368,1064
4369,21869
4370,1083
4371,2257
4372,977
4373,113610
4374,1066
4375,3787
4376,924
4377,1800
4378,1104
4379,42221
4380,1109
4381,14305
4382,1125
4383,2454
4384,1081
4385,3905
4386,1062
4387,65930
4388,1044
4389,2087
4390,980
4391,107802
4392,934
4393,30914
4394,1041
4395,2086
4396,874
4397,107115
4398,979
4399,91498
4400,1354
4401,2319
4402,1359
4403,6843
4404,1339
4405,4744
4406,1321
4407,2158
4408,1264
4409,113677
4410,1430
4411,12779
4412,1184
4413,2318
4414,1167
4415,4614
4416,1163
4417,6710
4418,1065
4419,2133
4420,1350
4421,113005
4422,1580
4423,115901
4424,1518
4425,2571
4426,1379
4427,25968
4428,1442
4429,73175
4430,1247
4431,2161
4432,1191
4433,12101
4434,1307
4435,4178
4436,1108
4437,1974
4438,1322
4439,32762
4440,1349
4441,112592
4442,1357
4443,2590
4444,1296
4445,4489
4446,1297
4447,111701
4448,1306
4449,2427
4450,1301
4451,111227
4452,1175
4453,101325
4454,1131
4455,2059
4456,1071
4457,113730
4458,1062
4459,6294
4460,1291
4461,2163
4462,1428
4463,110177
4464,1252
4465,4205
4466,1237
4467,2157
4468,1178
4469,65390
4470,1198
4471,20892
4472,1266
4473,2181
4474,1187
4475,4249
4476,1045
4477,10937
4478,1025
4479,1967
4480,1270
4481,111776
4482,1258
4483,111322
4484,1236
4485,2156
4486,1207
4487,6291
4488,1194
4489,110128
4490,1136
4491,1948
4492,1102
4493,110326
4494,1047
4495,3956
4496,1036
4497,1820
4498,982
4499,10375
4500,1226
4501,7192
4502,1220
4503,2559
4504,1305
4505,4884
4506,1167
4507,114797
4508,1219
4509,2459
4510,1200
4511,16090
4512,1046
4513,114498
4514,1168
4515,2174
4516,1005
4517,114227
4518,949
4519,114043
4520,1176
4521,2242
4522,1215
4523,121638
4524,1326
4525,4640
4526,1121
4527,2126
4528,1305
4529,6302
4530,1044
4531,34044
4532,1029
4533,2330
4534,1013
4535,4667
4536,944
4537,15249
4538,918
4539,2694
4540,1166
4541,25370
4542,1184
4543,6310
4544,1145
4545,2275
4546,1223
4547,110772
4548,1104
4549,115656
4550,1194
4551,2088
4552,1090
4553,43417
4554,982
4555,4497
4556,921
4557,1952
4558,904
4559,83532
4560,1129
4561,114884
4562,1209
4563,2559
4564,1098
4565,4788
4566,1059
4567,114118
4568,1022
4569,2301
4570,985
4571,6678
4572,1044
4573,22142
4574,910
4575,2253
4576,881
4577,32378
4578,869
4579,25695
4580,1225
4581,2126
4582,1083
4583,111003
4584,1072
4585,4359
4586,1024
4587,1995
4588,1027
4589,14698
4590,953
4591,112259
4592,922
4593,2184
4594,897
4595,4313
4596,829
4597,111120
4598,853
4599,1948
4600,1464
4601,73710
4602,1331
4603,113779
4604,1451
4605,2473
4606,1240
4607,22723
4608,1310
4609,12050
4610,1222
4611,2189
4612,1136
4613,6393
4614,1122
4615,4504
4616,1073
4617,2177
4618,1028
4619,46875
4620,1455
4621,116195
4622,1345
4623,2644
4624,1298
4625,4685
4626,1265
4627,6830
4628,1221
4629,2363
4630,1403
4631,12209
4632,1162
4633,68183
4634,1123
4635,2160
4636,1077
4637,115644
4638,1075
4639,115267
4640,1509
4641,2355
4642,1543
4643,117707
4644,1269
4645,4312
4646,1246
4647,2256
4648,1277
4649,114406
4650,1162
4651,116280
4652,1293
4653,2534
4654,1231
4655,4499
4656,1180
4657,115841
4658,1119
4659,2095
4660,1260
4661,107204
4662,1266
4663,116151
4664,1236
4665,2222
4666,1254
4667,14281
4668,1151
4669,6371
4670,1331
4671,2089
4672,1103
4673,113707
4674,1078
4675,4084
4676,1117
4677,1882
4678,986
4679,112446
4680,1472
4681,48515
4682,1378
4683,2331
4684,1185
4685,4508
4686,1315
4687,73096
4688,1125
4689,2268
4690,1088
4691,116187
4692,1061
4693,15073
4694,1014
4695,2080
4696,1118
4697,6116
4698,961
4699,59403
4700,1194
4701,2091
4702,1174
4703,116482
4704,1154
4705,4740
4706,1200
4707,1958
4708,1076
4709,21193
4710,1272
4711,6262
4712,1023
4713,2169
4714,1095
4715,4423
4716,945
4717,88859
4718,962
4719,1918
4720,1222
4721,115345
4722,1257
4723,114857
4724,1138
4725,2292
4726,1076
4727,41800
4728,1063
4729,114170
4730,1012
4731,1897
4732,972
4733,114905
4734,1134
4735,4918
4736,942
4737,1739
4738,861
4739,5327
4740,1122
4741,11336
4742,1111
4743,2410
4744,1107
4745,4158
4746,1167
4747,76844
4748,1037
4749,1990
4750,965
4751,112882
4752,1030
4753,5728
4754,1167
4755,2000
4756,859
4757,109298
4758,932
4759,111895
4760,1070
4761,2012
4762,1345
4763,10975
4764,1038
4765,3928
4766,1023
4767,1762
4768,1107
4769,24065
4770,929
4771,13657
4772,1076
4773,2138
4774,901
4775,4147
4776,825
4777,20280
4778,944
4779,1727
4780,1022
4781,5477
4782,1185
4783,112888
4784,1033
4785,1858
4786,965
4787,115668
4788,950
4789,-9877897
4790,897
4791,1684
4792,875
4793,112781
4794,833
4795,3183
4796,788
4797,1519
4798,959
4799,110523
4800,1287
4801,119545
4802,1427
4803,2697
4804,1241
4805,5036
4806,1218
4807,12298
4808,1207
4809,2626
4810,1158
4811,23765
4812,1119
4813,120425
4814,1111
4815,2385
4816,1028
4817,120025
4818,1003
4819,104484
4820,1279
4821,2440
4822,1314
4823,6263
4824,1432
4825,4347
4826,1213
4827,2177
4828,1503
4829,11295
4830,1224
4831,118834
4832,1177
4833,2369
4834,1072
4835,4425
4836,1044
4837,6337
4838,1056
4839,2382
4840,1236
4841,82155
4842,1281
4843,45690
4844,1358
4845,2346
4846,1182
4847,60810
4848,1429
4849,15419
4850,1143
4851,2170
4852,1238
4853,34194
4854,1058
4855,4525
4856,1014
4857,2057
4858,975
4859,71437
4860,1234
4861,118978
4862,1218
4863,2600
4864,1206
4865,4574
4866,1130
4867,48186
4868,1149
4869,2258
4870,1298
4871,118587
4872,1249
4873,11450
4874,1096
4875,2091
4876,991
4877,116754
4878,946
4879,5961
4880,1307
4881,2292
4882,1171
4883,25130
4884,1160
4885,4347
4886,1115
4887,2217
4888,1059
4889,115824
4890,1042
4891,125533
4892,1006
4893,2176
4894,970
4895,4281
4896,1255
4897,99178
4898,896
4899,2014
4900,1119
4901,16072
4902,1152
4903,125199
4904,1150
4905,2145
4906,1079
4907,6776
4908,1041
4909,119961
4910,1040
4911,2133
4912,974
4913,21737
4914,945
4915,3997
4916,912
4917,1812
4918,856
4919,123253
4920,1123
4921,6755
4922,1149
4923,2261
4924,1067
4925,4298
4926,1245
4927,14901
4928,1085
4929,2298
4930,1147
4931,117107
4932,1098
4933,116821
4934,906
4935,1923
4936,1015
4937,117345
4938,828
4939,10753
4940,1235
4941,2089
4942,1082
4943,116600
4944,1038
4945,3992
4946,1035
4947,1864
4948,968
4949,5651
4950,936
4951,121889
4952,925
4953,2201
4954,877
4955,3872
4956,843
4957,117570
4958,832
4959,1831
4960,1012
4961,11825
4962,1064
4963,5915
4964,1034
4965,2173
4966,963
4967,119488
4968,983
4969,118503
4970,895
4971,1815
4972,857
4973,118637
4974,856
4975,3644
4976,800
4977,1637
4978,768
4979,14482
4980,988
4981,22533
4982,999
4983,2080
4984,986
4985,3815
4986,942
4987,117490
4988,905
4989,2109
4990,856
4991,5832
4992,848
4993,116467
4994,816
4995,1729
4996,755
4997,24383
4998,849
4999,114939
5000,1384
5001,2096
5002,1276
5003,119256
5004,1281
5005,4746
5006,1321
5007,1961
5008,1122
5009,118991
5010,1144
5011,118808
5012,1113
5013,2142
5014,1032
5015,4853
5016,1037
5017,42966
5018,1129
5019,2138
5020,1254
5021,118500
5022,1259
5023,117466
5024,1359
5025,2136
5026,1183
5027,11613
5028,1196
5029,77884
5030,1137
5031,1976
5032,1083
5033,6256
5034,1084
5035,4316
5036,1011
5037,1875
5038,1005
5039,119688
5040,1241
5041,122332
5042,1360
5043,2248
5044,1163
5045,4590
5046,1298
5047,6746
5048,1138
5049,3002
5050,1088
5051,126848
5052,1049
5053,49075
5054,1011
5055,2188
5056,1005
5057,15500
5058,963
5059,127215
5060,1260
5061,2136
5062,1223
5063,104178
5064,1155
5065,4516
5066,1103
5067,1829
5068,1187
5069,59973
5070,1064
5071,12211
5072,1008
5073,1959
5074,1097
5075,4243
5076,936
5077,121313
5078,929
5079,1809
5080,1113
5081,121712
5082,1236
5083,15300
5084,1144
5085,2043
5086,1059
5087,121225
5088,1069
5089,6085
5090,1011
5091,1947
5092,995
5093,11095
5094,1071
5095,4235
5096,910
5097,1758
5098,884
5099,120114
5100,1126
5101,124762
5102,1295
5103,2351
5104,1082
5105,4782
5106,1220
5107,123339
5108,1119
5109,2168
5110,969
5111,26275
5112,927
5113,121827
5114,921
5115,2207
5116,875
5117,6325
5118,836
5119,121532
5120,1055
5121,2078
5122,1060
5123,80558
5124,1059
5125,4629
5126,1025
5127,1921
5128,1069
5129,33643
5130,1145
5131,6698
5132,1037
5133,2323
5134,881
5135,4511
5136,836
5137,11869
5138,952
5139,1964
5140,1073
5141,91000
5142,1038
5143,59372
5144,1001
5145,2092
5146,968
5147,121797
5148,938
5149,25018
5150,894
5151,2093
5152,870
5153,120744
5154,927
5155,4104
5156,791
5157,1884
5158,780
5159,5695
5160,987
5161,15086
5162,1018
5163,2208
5164,964
5165,12850
5166,948
5167,120630
5168,941
5169,1994
5170,888
5171,120677
5172,844
5173,6212
5174,831
5175,2179
5176,821
5177,45233
5178,713
5179,121753
5180,985
5181,1938
5182,1135
5183,118462
5184,1100
5185,4011
5186,881
5187,1776
5188,855
5189,118604
5190,835
5191,42466
5192,821
5193,1957
5194,758
5195,3847
5196,713
5197,119251
5198,704
5199,1870
5200,1196
5201,7249
5202,1326
5203,12534
5204,1181
5205,2151
5206,1141
5207,66558
5208,1150
5209,121791
5210,1093
5211,2192
5212,1036
5213,15908
5214,1070
5215,4642
5216,1008
5217,1830
5218,936
5219,22143
5220,1209
5221,33027
5222,1275
5223,2536
5224,1194
5225,4736
5226,1138
5227,122711
5228,1249
5229,2159
5230,1142
5231,123295
5232,1140
5233,123063
5234,1017
5235,1978
5236,988
5237,120774
5238,951
5239,14993
5240,1168
5241,2069
5242,1230
5243,6437
5244,1332
5245,4517
5246,1250
5247,1957
5248,1117
5249,43030
5250,1047
5251,99125
5252,1021
5253,2205
5254,979
5255,4676
5256,942
5257,6570
5258,913
5259,1912
5260,1116
5261,126296
5262,1150
5263,24790
5264,1118
5265,2042
5266,1103
5267,31198
5268,1066
5269,10692
5270,1017
5271,2069
5272,1007
5273,119470
5274,965
5275,4071
5276,911
5277,1896
5278,1014
5279,122442
5280,1121
5281,-9875226
5282,1124
5283,2214
5284,1105
5285,4529
5286,1187
5287,22884
5288,1157
5289,2030
5290,977
5291,19409
5292,941
5293,113402
5294,910
5295,1787
5296,933
5297,122771
5298,1025
5299,5825
5300,1074
5301,1860
5302,1239
5303,123378
5304,1158
5305,4444
5306,1148
5307,1746
5308,962
5309,122597
5310,940
5311,78576
5312,918
5313,2023
5314,1072
5315,4244
5316,921
5317,14764
5318,786
5319,1716
5320,1068
5321,22314
5322,1058
5323,123687
5324,1005
5325,1889
5326,1110
5327,6292
5328,938
5329,124213
5330,933
5331,1816
5332,882
5333,123787
5334,831
5335,4031
5336,818
5337,1555
5338,782
5339,24750
5340,994
5341,6131
5342,997
5343,1983
5344,960
5345,4230
5346,923
5347,123182
5348,909
5349,1964
5350,886
5351,123313
5352,849
5353,89191
5354,793
5355,1604
5356,747
5357,10432
5358,947
5359,30957
5360,984
5361,1733
5362,958
5363,46097
5364,953
5365,4067
5366,879
5367,1573
5368,1056
5369,5578
5370,823
5371,63767
5372,817
5373,1720
5374,751
5375,3967
5376,739
5377,22998
5378,695
5379,1622
5380,1052
5381,119905
5382,953
5383,5614
5384,894
5385,1705
5386,843
5387,119288
5388,850
5389,19139
5390,794
5391,1538
5392,754
5393,118482
5394,755
5395,3502
5396,705
5397,1318
5398,650
5399,119141
5400,1154
5401,12372
5402,1164
5403,2791
5404,1130
5405,4708
5406,1093
5407,125672
5408,1204
5409,2309
5410,1019
5411,6750
5412,995
5413,125878
5414,980
5415,1964
5416,964
5417,131975
5418,1106
5419,123224
5420,1163
5421,2125
5422,1190
5423,11996
5424,1141
5425,4154
5426,1091
5427,2021
5428,1218
5429,103224
5430,1078
5431,122705
5432,1036
5433,2418
5434,987
5435,4214
5436,1103
5437,122289
5438,899
5439,2013
5440,1217
5441,122877
5442,1184
5443,123898
5444,1161
5445,2154
5446,1058
5447,14675
5448,1192
5449,122272
5450,1004
5451,1966
5452,1266
5453,5967
5454,922
5455,4387
5456,913
5457,1783
5458,857
5459,87945
5460,1079
5461,70213
5462,1097
5463,2277
5464,1186
5465,4372
5466,1051
5467,6523
5468,1023
5469,2049
5470,961
5471,123758
5472,1037
5473,14593
5474,904
5475,2122
5476,1135
5477,123653
5478,833
5479,123728
5480,1270
5481,2002
5482,1081
5483,124523
5484,1071
5485,4245
5486,1085
5487,1904
5488,1000
5489,14154
5490,950
5491,21003
5492,913
5493,1989
5494,877
5495,4610
5496,816
5497,31021
5498,815
5499,1850
5500,1006
5501,127096
5502,1036
5503,126439
5504,1027
5505,1990
5506,966
5507,125789
5508,935
5509,6042
5510,898
5511,1784
5512,859
5513,57796
5514,839
5515,3965
5516,820
5517,1807
5518,750
5519,123948
5520,983
5521,135249
5522,993
5523,2068
5524,952
5525,4591
5526,961
5527,125636
5528,917
5529,2033
5530,870
5531,128126
5532,843
5533,11902
5534,796
5535,1825
5536,760
5537,6168
5538,958
5539,44692
5540,962
5541,1837
5542,1049
5543,32578
5544,932
5545,4050
5546,993
5547,1669
5548,939
5549,47008
5550,898
5551,6196
5552,815
5553,1905
5554,777
5555,4090
5556,720
5557,127047
5558,719
5559,1740
5560,933
5561,113462
5562,961
5563,125277
5564,965
5565,1865
5566,876
5567,23933
5568,823
5569,124266
5570,818
5571,1611
5572,935
5573,123840
5574,867
5575,4154
5576,677
5577,1429
5578,669
5579,5335
5580,963
5581,125416
5582,995
5583,1862
5584,864
5585,4012
5586,1002
5587,55669
5588,920
5589,1908
5590,916
5591,125633
5592,743
5593,5670
5594,671
5595,1560
5596,644
5597,40877
5598,634
5599,9893
5600,1160
5601,2077
5602,1121
5603,15921
5604,1129
5605,4819
5606,1141
5607,1771
5608,1024
5609,122421
5610,1002
5611,50565
5612,959
5613,1913
5614,923
5615,4754
5616,903
5617,68095
5618,860
5619,1790
5620,1139
5621,6825
5622,1205
5623,129106
5624,1108
5625,1982
5626,1146
5627,22925
5628,1234
5629,15254
5630,1008
5631,1799
5632,1191
5633,70833
5634,1024
5635,4022
5636,899
5637,1604
5638,1064
5639,127846
5640,1114
5641,131009
5642,1145
5643,2001
5644,1085
5645,4675
5646,1509
5647,129277
5648,991
5649,1960
5650,969
5651,137638
5652,998
5653,128237
5654,904
5655,1698
5656,851
5657,128957
5658,830
5659,127335
5660,1086
5661,1777
5662,1084
5663,6459
5664,1038
5665,4187
5666,1238
5667,1642
5668,981
5669,125902
5670,1164
5671,90448
5672,896
5673,1791
5674,952
5675,4089
5676,836
5677,6277
5678,801
5679,1607
5680,1032
5681,15268
5682,1069
5683,127728
5684,998
5685,1755
5686,956
5687,11689
5688,1171
5689,125570
5690,986
5691,1620
5692,1060
5693,125882
5694,821
5695,4417
5696,790
5697,1631
5698,754
5699,62078
5700,1000
5701,129322
5702,1112
5703,2342
5704,979
5705,4539
5706,913
5707,15759
5708,900
5709,1993
5710,851
5711,127825
5712,835
5713,42536
5714,940
5715,1784
5716,776
5717,126750
5718,727
5719,6034
5720,971
5721,2029
5722,1046
5723,101190
5724,932
5725,4295
5726,970
5727,1886
5728,855
5729,22323
5730,825
5731,11762
5732,1086
5733,2349
5734,880
5735,4217
5736,752
5737,126600
5738,678
5739,1885
5740,914
5741,128077
5742,942
5743,128275
5744,919
5745,1912
5746,933
5747,6086
5748,837
5749,-9872425
5750,801
5751,1794
5752,753
5753,11664
5754,738
5755,4092
5756,785
5757,1550
5758,663
5759,13904
5760,890
5761,8794
5762,892
5763,2307
5764,941
5765,6381
5766,850
5767,134903
5768,796
5769,2036
5770,765
5771,44442
5772,746
5773,33785
5774,676
5775,1651
5776,655
5777,90557
5778,609
5779,130295
5780,858
5781,1739
5782,863
5783,132840
5784,845
5785,3846
5786,788
5787,1688
5788,889
5789,5458
5790,708
5791,128434
5792,720
5793,1718
5794,641
5795,3894
5796,595
5797,10197
5798,578
5799,1553
5800,1064
5801,131610
5802,1126
5803,6290
5804,1194
5805,1989
5806,1213
5807,129619
5808,982
5809,58351
5810,962
5811,1798
5812,937
5813,128718
5814,894
5815,4038
5816,830
5817,1774
5818,818
5819,10650
5820,1095
5821,128865
5822,1111
5823,2152
5824,1051
5825,4462
5826,1022
5827,128730
5828,1012
5829,1972
5830,962
5831,6165
5832,923
5833,23866
5834,923
5835,1795
5836,1023
5837,14037
5838,840
5839,127096
5840,1059
5841,1866
5842,1066
5843,130193
5844,1058
5845,4075
5846,1019
5847,1767
5848,960
5849,127852
5850,1020
5851,129377
5852,975
5853,1894
5854,839
5855,4349
5856,854
5857,127341
5858,791
5859,1722
5860,1022
5861,136126
5862,1037
5863,11211
5864,1013
5865,1877
5866,948
5867,126526
5868,933
5869,134803
5870,932
5871,1681
5872,863
5873,5550
5874,1066
5875,3728
5876,791
5877,1932
5878,781
5879,125577
5880,979
5881,128202
5882,1006
5883,1952
5884,997
5885,4215
5886,927
5887,6187
5888,1175
5889,1959
5890,859
5891,67554
5892,813
5893,121970
5894,827
5895,1607
5896,749
5897,126971
5898,718
5899,19684
5900,965
5901,1690
5902,962
5903,127823
5904,945
5905,3981
5906,878
5907,1573
5908,869
5909,23471
5910,854
5911,30272
5912,796
5913,1735
5914,753
5915,3666
5916,703
5917,101359
5918,816
5919,1591
5920,892
5921,44562
5922,947
5923,126905
5924,879
5925,1672
5926,854
5927,126334
5928,837
5929,5328
5930,775
5931,1521
5932,745
5933,21070
5934,732
5935,5009
5936,665
5937,1375
5938,635
5939,125914
5940,881
5941,13446
5942,873
5943,1767
5944,837
5945,3960
5946,836
5947,23495
5948,781
5949,1753
5950,868
5951,11110
5952,730
5953,128897
5954,668
5955,1418
5956,644
5957,5383
5958,607
5959,99051
5960,846
5961,1562
5962,867
5963,110946
5964,826
5965,5057
5966,838
5967,1426
5968,738
5969,73828
5970,744
5971,5495
5972,669
5973,1557
5974,702
5975,7190
5976,635
5977,67689
5978,564
5979,1329
5980,803
5981,128929
5982,809
5983,45174
5984,874
5985,1655
5986,831
5987,128691
5988,713
5989,83988
5990,677
5991,9668
5992,780
5993,11821
5994,689
5995,2868
5996,573
5997,1122
5998,527
5999,4263
6000,1350
6001,23604
6002,1364
6003,2955
6004,1301
6005,5346
6006,1436
6007,135794
6008,1243
6009,2682
6010,1225
6011,134072
6012,1213
6013,7319
6014,1163
6015,2372
6016,1092
6017,12390
6018,1074
6019,15813
6020,1506
6021,2527
6022,1353
6023,26844
6024,1445
6025,4861
6026,1284
6027,2573
6028,1263
6029,134864
6030,1240
6031,59748
6032,1325
6033,2671
6034,1561
6035,4959
6036,1126
6037,133137
6038,1088
6039,2404
6040,1472
6041,7290
6042,1325
6043,132686
6044,1374
6045,2542
6046,1239
6047,133931
6048,1255
6049,33056
6050,1268
6051,2422
6052,1278
6053,134491
6054,1104
6055,5090
6056,1195
6057,2212
6058,1034
6059,126115
6060,1264
6061,12821
6062,1277
6063,2945
6064,1271
6065,5140
6066,1305
6067,133681
6068,1195
6069,2544
6070,1215
6071,15504
6072,1599
6073,131551
6074,1066
6075,2556
6076,1128
6077,101269
6078,998
6079,131200
6080,1273
6081,2577
6082,1269
6083,7074
6084,1368
6085,4808
6086,1266
6087,2250
6088,1385
6089,135013
6090,1103
6091,134463
6092,1111
6093,2475
6094,1047
6095,4998
6096,1029
6097,6947
6098,1127
6099,2197
6100,1208
6101,136646
6102,1286
6103,22464
6104,1221
6105,2424
6106,1370
6107,48221
6108,1389
6109,74641
6110,1088
6111,2728
6112,1230
6113,135057
6114,1017
6115,4653
6116,971
6117,2074
6118,928
6119,42465
6120,1153
6121,137030
6122,1207
6123,2608
6124,1164
6125,4892
6126,1148
6127,12533
6128,1104
6129,2278
6130,1042
6131,135311
6132,1017
6133,134040
6134,984
6135,2138
6136,932
6137,21995
6138,905
6139,6451
6140,1342
6141,2238
6142,1128
6143,133427
6144,1144
6145,4473
6146,1077
6147,2080
6148,1057
6149,11022
6150,1218
6151,133314
6152,989
6153,2207
6154,942
6155,4682
6156,904
6157,75707
6158,1049
6159,2041
6160,1118
6161,106882
6162,1132
6163,136008
6164,1080
6165,2422
6166,1031
6167,6756
6168,1200
6169,47524
6170,964
6171,2235
6172,950
6173,133404
6174,891
6175,4357
6176,857
6177,1884
6178,819
6179,56056
6180,1080
6181,6701
6182,1229
6183,2329
6184,1028
6185,4386
6186,1131
6187,31829
6188,1051
6189,2390
6190,1031
6191,64140
6192,903
6193,11015
6194,870
6195,1919
6196,860
6197,129905
6198,845
6199,130928
6200,1543
6201,2387
6202,1381
6203,133608
6204,1317
6205,4913
6206,1279
6207,2246
6208,1244
6209,6814
6210,1217
6211,133043
6212,1190
6213,2402
6214,1162
6215,4813
6216,1109
6217,-9867741
6218,1190
6219,2489
6220,1515
6221,141230
6222,1492
6223,6530
6224,1501
6225,2406
6226,1293
6227,14046
6228,1274
6229,131443
6230,1274
6231,2180
6232,1198
6233,30332
6234,1172
6235,4292
6236,1156
6237,2011
6238,1088
6239,19587
6240,1373
6241,134515
6242,1336
6243,2482
6244,1312
6245,4734
6246,1305
6247,136219
6248,1261
6249,2300
6250,1192
6251,6882
6252,1148
6253,14858
6254,1137
6255,2309
6256,1091
6257,135690
6258,1234
6259,11075
6260,1310
6261,2219
6262,1285
6263,135360
6264,1260
6265,4347
6266,1228
6267,2243
6268,1195
6269,132918
6270,1154
6271,133947
6272,1132
6273,2235
6274,1113
6275,4207
6276,1185
6277,133680
6278,1033
6279,2066
6280,1252
6281,11229
6282,1253
6283,104891
6284,1231
6285,2365
6286,1197
6287,132817
6288,1184
6289,23597
6290,1278
6291,2051
6292,1069
6293,5770
6294,1082
6295,3985
6296,1013
6297,1842
6298,1002
6299,131671
6300,1234
6301,138594
6302,1239
6303,2661
6304,1227
6305,4864
6306,1200
6307,7123
6308,1316
6309,2506
6310,1081
6311,137815
6312,1061
6313,103746
6314,1034
6315,2443
6316,1015
6317,136807
6318,1101
6319,123947
6320,1185
6321,2396
6322,1220
6323,146271
6324,1181
6325,4613
6326,1119
6327,2297
6328,1076
6329,138760
6330,1052
6331,14928
6332,1016
6333,2422
6334,980
6335,4633
6336,962
6337,138932
6338,926
6339,2395
6340,1183
6341,21818
6342,1216
6343,137745
6344,1119
6345,2632
6346,1083
6347,11369
6348,1050
6349,6318
6350,1039
6351,2531
6352,1110
6353,136206
6354,947
6355,4272
6356,933
6357,2243
6358,870
6359,134267
6360,1114
6361,135801
6362,1153
6363,2498
6364,1112
6365,4890
6366,1114
6367,134628
6368,1192
6369,2312
6370,977
6371,31330
6372,959
6373,134744
6374,1004
6375,2176
6376,865
6377,6741
6378,928
6379,133827
6380,1162
6381,2359
6382,1120
6383,14575
6384,1131
6385,4223
6386,1004
6387,2133
6388,964
6389,134272
6390,929
6391,6399
6392,915
6393,2412
6394,885
6395,3942
6396,834
6397,133920
6398,796
6399,2053
6400,1363
6401,60402
6402,1333
6403,27320
6404,1294
6405,2585
6406,1397
6407,68991
6408,1365
6409,15710
6410,1185
6411,2537
6412,1186
6413,12375
6414,1236
6415,4645
6416,1084
6417,2149
6418,1160
6419,6458
6420,1321
6421,138854
6422,1318
6423,2656
6424,1301
6425,4991
6426,1252
6427,137610
6428,1269
6429,2497
6430,1205
6431,99517
6432,1187
6433,6611
6434,1209
6435,2329
6436,1078
6437,62920
6438,1047
6439,82346
6440,1386
6441,2398
6442,1400
6443,21755
6444,1261
6445,4504
6446,1450
6447,2265
6448,1183
6449,136246
6450,1183
6451,137075
6452,1366
6453,2433
6454,1292
6455,4771
6456,1284
6457,11889
6458,1097
6459,2217
6460,1237
6461,7181
6462,1287
6463,32290
6464,1390
6465,2365
6466,1310
6467,42463
6468,1190
6469,137346
6470,1137
6471,2297
6472,1243
6473,135971
6474,1099
6475,4324
6476,1025
6477,2081
6478,1017
6479,10977
6480,1377
6481,140467
6482,1339
6483,2475
6484,1182
6485,4766
6486,1205
6487,14422
6488,1113
6489,2267
6490,1315
6491,139195
6492,1046
6493,68736
6494,1013
6495,2098
6496,1061
6497,125155
6498,980
6499,115625
6500,1176
6501,2494
6502,1577
6503,6691
6504,1375
6505,4526
6506,1144
6507,2174
6508,1276
6509,34662
6510,1074
6511,23024
6512,1170
6513,2306
6514,1020
6515,4534
6516,938
6517,6810
6518,1021
6519,2059
6520,1156
6521,164216
6522,1221
6523,11897
6524,1470
6525,2489
6526,1235
6527,110294
6528,1111
6529,166837
6530,1022
6531,2063
6532,973
6533,77213
6534,945
6535,4458
6536,937
6537,1809
6538,885
6539,14305
6540,1194
6541,47224
6542,1111
6543,2496
6544,1084
6545,4388
6546,1046
6547,137270
6548,1009
6549,2150
6550,970
6551,186604
6552,936
6553,145819
6554,941
6555,1945
6556,874
6557,131611
6558,858
6559,6563
6560,1104
6561,2136
6562,1099
6563,139216
6564,1058
6565,4481
6566,1032
6567,1882
6568,1150
6569,136937
6570,950
6571,138335
6572,1043
6573,2410
6574,888
6575,4355
6576,841
6577,138887
6578,804
6579,1899
6580,1016
6581,137085
6582,1039
6583,41676
6584,1016
6585,2017
6586,962
6587,6512
6588,1025
6589,10813
6590,911
6591,1834
6592,892
6593,22745
6594,990
6595,3724
6596,787
6597,1629
6598,755
6599,135816
6600,1339
6601,7574
6602,1293
6603,2625
6604,1462
6605,5643
6606,1211
6607,142321
6608,1190
6609,2636
6610,1167
6611,12778
6612,1117
6613,23444
6614,1071
6615,2335
6616,1030
6617,15762
6618,1017
6619,141137
6620,1282
6621,2487
6622,1302
6623,59236
6624,1286
6625,4684
6626,1248
6627,2322
6628,1185
6629,6776
6630,1162
6631,26612
6632,1125
6633,2473
6634,1089
6635,4831
6636,1054
6637,140263
6638,1044
6639,2291
6640,1239
6641,43965
6642,1273
6643,6893
6644,1220
6645,2526
6646,1186
6647,22041
6648,1390
6649,104034
6650,1112
6651,2346
6652,1075
6653,139863
6654,1296
6655,4467
6656,1013
6657,2137
6658,970
6659,143918
6660,1231
6661,-9858381
6662,1242
6663,11252
6664,1332
6665,4673
6666,1191
6667,101084
6668,1251
6669,2788
6670,1230
6671,7048
6672,1065
6673,139684
6674,1029
6675,2242
6676,999
6677,12048
6678,962
6679,140725
6680,1196
6681,2286
6682,1221
6683,65671
6684,1175
6685,4386
6686,1118
6687,2356
6688,1070
6689,138927
6690,1062
6691,136586
6692,1021
6693,2421
6694,981
6695,4331
6696,926
6697,55313
6698,922
6699,2165
6700,1137
6701,137603
6702,1331
6703,138534
6704,1225
6705,2304
6706,1238
6707,23910
6708,1139
6709,139237
6710,1021
6711,2111
6712,977
6713,6318
6714,965
6715,4195
6716,1033
6717,2025
6718,986
6719,138625
6720,1110
6721,12598
6722,1121
6723,2531
6724,1070
6725,4612
6726,1051
6727,6982
6728,1014
6729,2259
6730,1171
6731,88165
6732,1160
6733,143936
6734,901
6735,2062
6736,895
6737,142297
6738,835
6739,32396
6740,1248
6741,2563
6742,1207
6743,12117
6744,1052
6745,4004
6746,1011
6747,2151
6748,1137
6749,21406
6750,942
6751,68404
6752,939
6753,2266
6754,866
6755,4253
6756,897
6757,43299
6758,979
6759,2086
6760,1022
6761,145614
6762,1040
6763,144910
6764,1047
6765,2178
6766,1065
6767,128453
6768,979
6769,6250
6770,1090
6771,1943
6772,885
6773,14509
6774,844
6775,3939
6776,827
6777,1761
6778,757
6779,142046
6780,990
6781,143429
6782,1023
6783,2186
6784,1126
6785,4087
6786,947
6787,10719
6788,906
6789,2198
6790,903
6791,140536
6792,849
6793,139353
6794,791
6795,1869
6796,759
6797,6050
6798,730
6799,13364
6800,1309
6801,2223
6802,1255
6803,144532
6804,1205
6805,4765
6806,1163
6807,2272
6808,1207
6809,11635
6810,1114
6811,7362
6812,1093
6813,2387
6814,1041
6815,4559
6816,997
6817,21343
6818,1247
6819,2447
6820,1428
6821,24824
6822,1455
6823,142094
6824,1218
6825,2237
6826,1304
6827,142076
6828,1196
6829,140562
6830,1136
6831,2109
6832,1098
6833,140854
6834,1073
6835,4093
6836,1018
6837,1884
6838,1062
6839,5792
6840,1213
6841,145963
6842,1252
6843,2445
6844,1194
6845,4671
6846,1149
6847,65270
6848,1106
6849,2311
6850,1185
6851,14727
6852,1046
6853,6625
6854,1014
6855,2023
6856,975
6857,146230
6858,980
6859,24302
6860,1237
6861,2061
6862,1182
6863,142123
6864,1156
6865,4338
6866,1239
6867,1958
6868,1065
6869,140766
6870,1044
6871,142200
6872,1035
6873,2108
6874,973
6875,4328
6876,980
6877,13606
6878,980
6879,2206
6880,1450
6881,6504
6882,1160
6883,150049
6884,1109
6885,2253
6886,1132
6887,122067
6888,1045
6889,148076
6890,1132
6891,1887
6892,1002
6893,133432
6894,1522
6895,6327
6896,1502
6897,2756
6898,1410
6899,186930
6900,1103
6901,116605
6902,1105
6903,2423
6904,1092
6905,4699
6906,1051
6907,144240
6908,1105
6909,2444
6910,986
6911,143861
6912,952
6913,46177
6914,899
6915,2098
6916,889
6917,144201
6918,890
6919,10581
6920,1077
6921,2485
6922,1238
6923,6455
6924,1053
6925,4878
6926,1012
6927,2538
6928,968
6929,13607
6930,1356
6931,41849
6932,908
6933,2211
6934,861
6935,4371
6936,826
6937,6514
6938,978
6939,2071
6940,1022
6941,11198
6942,1048
6943,86314
6944,1013
6945,2209
6946,992
6947,141942
6948,1220
6949,141649
6950,917
6951,2080
6952,861
6953,19724
6954,857
6955,4716
6956,796
6957,1932
6958,753
6959,143709
6960,1159
6961,141612
6962,1157
6963,2604
6964,1050
6965,4670
6966,931
6967,142165
6968,912
6969,2131
6970,879
6971,140632
6972,850
6973,23070
6974,847
6975,1943
6976,758
6977,148694
6978,731
6979,5836
6980,978
6981,2017
6982,954
6983,139090
6984,940
6985,3937
6986,909
6987,1949
6988,846
6989,39059
6990,853
6991,139715
6992,805
6993,2040
6994,752
6995,3860
6996,725
6997,137415
6998,695
6999,1883
7000,1194
7001,144296
7002,1230
7003,76668
7004,1222
7005,2427
7006,1131
7007,7399
7008,1194
7009,68106
7010,1187
7011,2413
7012,1152
7013,141382
7014,1120
7015,5065
7016,1125
7017,2129
7018,929
7019,141205
7020,1455
7021,7595
7022,1224
7023,2606
7024,1213
7025,4779
7026,1173
7027,144169
7028,1117
7029,2247
7030,1081
7031,138354
7032,1051
7033,14764
7034,1013
7035,2103
7036,974
7037,46348
7038,966
7039,143650
7040,1185
7041,2482
7042,1195
7043,146894
7044,1176
7045,4221
7046,1111
7047,2075
7048,1352
7049,6562
7050,1051
7051,12405
7052,1005
7053,2205
7054,1001
7055,4455
7056,1079
7057,146525
7058,919
7059,2149
7060,1144
7061,33185
7062,1167
7063,6841
7064,1128
7065,2169
7066,1105
7067,59070
7068,1051
7069,147493
7070,1014
7071,1976
7072,973
7073,11474
7074,931
7075,3837
7076,910
7077,1812
7078,1057
7079,-9847395
7080,1293
7081,136267
7082,1118
7083,2335
7084,1069
7085,4561
7086,1083
7087,24907
7088,1019
7089,2144
7090,1144
7091,6839
7092,952
7093,65758
7094,914
7095,1972
7096,864
7097,75119
7098,845
7099,44809
7100,1221
7101,2007
7102,1074
7103,147411
7104,1045
7105,4052
7106,995
7107,2061
7108,968
7109,143089
7110,945
7111,14392
7112,1049
7113,2004
7114,868
7115,4014
7116,841
7117,11199
7118,831
7119,1845
7120,1031
7121,142741
7122,1050
7123,20772
7124,1151
7125,1957
7126,1001
7127,140971
7128,982
7129,140674
7130,925
7131,1802
7132,855
7133,6177
7134,851
7135,4245
7136,788
7137,1633
7138,785
7139,10500
7140,991
7141,56646
7142,997
7143,2094
7144,956
7145,4085
7146,929
7147,6447
7148,886
7149,2049
7150,880
7151,143681
7152,828
7153,31449
7154,974
7155,1756
7156,754
7157,20866
7158,767
7159,142538
7160,994
7161,1978
7162,995
7163,14263
7164,948
7165,4020
7166,927
7167,1714
7168,949
7169,112270
7170,841
7171,120813
7172,795
7173,1949
7174,784
7175,3802
7176,722
7177,140489
7178,707
7179,1795
7180,916
7181,64770
7182,936
7183,10766
7184,889
7185,1962
7186,857
7187,141620
7188,878
7189,7488
7190,801
7191,1606
7192,751
7193,138586
7194,708
7195,3199
7196,678
7197,1646
7198,641
7199,28392
7200,1199
7201,26991
7202,1182
7203,2569
7204,1189
7205,4830
7206,1100
7207,159367
7208,1535
7209,2359
7210,1168
7211,149985
7212,1029
7213,150590
7214,1155
7215,2162
7216,921
7217,7394
7218,894
7219,148447
7220,1164
7221,2376
7222,1179
7223,49868
7224,1153
7225,4819
7226,1261
7227,2510
7228,1083
7229,172921
7230,1394
7231,7218
7232,1009
7233,2536
7234,963
7235,4187
7236,935
7237,148925
7238,915
7239,2314
7240,1141
7241,16267
7242,1224
7243,148586
7244,1105
7245,2490
7246,1082
7247,148273
7248,1054
7249,12220
7250,1046
7251,2093
7252,973
7253,146120
7254,958
7255,4904
7256,1004
7257,1939
7258,883
7259,6683
7260,1086
7261,88286
7262,1099
7263,2904
7264,1068
7265,4672
7266,1062
7267,15413
7268,1025
7269,2589
7270,1097
7271,11942
7272,946
7273,8437
7274,894
7275,2070
7276,862
7277,24169
7278,828
7279,42397
7280,1103
7281,2365
7282,1079
7283,150905
7284,1067
7285,4215
7286,996
7287,2233
7288,968
7289,58174
7290,946
7291,32272
7292,901
7293,2163
7294,877
7295,4276
7296,829
7297,147848
7298,799
7299,1920
7300,1027
7301,7118
7302,1039
7303,118627
7304,1127
7305,2172
7306,990
7307,147606
7308,1047
7309,149029
7310,908
7311,1923
7312,849
7313,125293
7314,836
7315,3834
7316,788
7317,1934
7318,748
7319,14432
7320,990
7321,147908
7322,999
7323,2182
7324,1160
7325,4329
7326,932
7327,22490
7328,887
7329,2221
7330,849
7331,147040
7332,1079
7333,149659
7334,857
7335,1853
7336,753
7337,11320
7338,733
7339,63423
7340,967
7341,1936
7342,961
7343,6447
7344,918
7345,3725
7346,878
7347,1807
7348,841
7349,144149
7350,817
7351,146921
7352,794
7353,1933
7354,747
7355,3912
7356,723
7357,6301
7358,750
7359,1750
7360,1110
7361,21553
7362,958
7363,57265
7364,903
7365,1928
7366,846
7367,85272
7368,1011
7369,147483
7370,825
7371,1912
7372,751
7373,127927
7374,734
7375,4064
7376,676
7377,1570
7378,638
7379,74222
7380,883
7381,11711
7382,881
7383,2039
7384,837
7385,3970
7386,812
7387,143163
7388,820
7389,2158
7390,751
7391,24872
7392,723
7393,147298
7394,723
7395,1678
7396,649
7397,13741
7398,799
7399,6067
7400,1118
7401,2265
7402,1139
7403,12376
7404,1198
7405,4338
7406,1052
7407,1904
7408,1017
7409,45672
7410,1021
7411,153901
7412,969
7413,2061
7414,1054
7415,4004
7416,876
7417,152081
7418,855
7419,2149
7420,1255
7421,65149
7422,1148
7423,15559
7424,1199
7425,2021
7426,1110
7427,6650
7428,1065
7429,21560
7430,1225
7431,1982
7432,1069
7433,151726
7434,942
7435,3669
7436,1051
7437,1692
7438,876
7439,72950
7440,1100
7441,6905
7442,1114
7443,2171
7444,1262
7445,4033
7446,1162
7447,11431
7448,1044
7449,2199
7450,1077
7451,152751
7452,1069
7453,42539
7454,911
7455,2319
7456,996
7457,151165
7458,827
7459,149621
7460,1064
7461,1888
7462,1053
7463,20428
7464,1413
7465,3909
7466,1019
7467,1832
7468,983
7469,6251
7470,935
7471,44644
7472,948
7473,1983
7474,1026
7475,3945
7476,1296
7477,150050
7478,888
7479,1791
7480,1025
7481,151273
7482,1067
7483,6231
7484,1018
7485,1903
7486,953
7487,148664
7488,930
7489,146609
7490,1390
7491,1677
7492,873
7493,94896
7494,826
7495,3246
7496,778
7497,1787
7498,781
7499,144971
7500,985
7501,15026
7502,1006
7503,2225
7504,970
7505,6740
7506,942
7507,150785
7508,901
7509,2044
7510,879
7511,6698
7512,827
7513,11328
7514,793
7515,2114
7516,756
7517,149447
7518,719
7519,124822
7520,979
7521,2174
7522,962
7523,157319
7524,1143
7525,4023
7526,883
7527,1870
7528,868
7529,-9851638
7530,831
7531,21638
7532,1001
7533,2067
7534,752
7535,3970
7536,718
7537,145867
7538,694
7539,1880
7540,892
7541,148100
7542,919
7543,23763
7544,886
7545,2001
7546,855
7547,147587
7548,848
7549,146258
7550,826
7551,1833
7552,773
7553,5787
7554,910
7555,3716
7556,681
7557,1779
7558,641
7559,146207
7560,919
7561,150730
7562,1012
7563,2104
7564,838
7565,4209
7566,838
7567,6775
7568,792
7569,2174
7570,874
7571,114947
7572,715
7573,150264
7574,691
7575,1779
7576,632
7577,151799
7578,621
7579,10714
7580,1064
7581,2232
7582,905
7583,149140
7584,815
7585,3660
7586,775
7587,2114
7588,852
7589,148831
7590,729
7591,150126
7592,692
7593,1844
7594,638
7595,3550
7596,611
7597,122981
7598,583
7599,1689
7600,1101
7601,11825
7602,1099
7603,153547
7604,1075
7605,2097
7606,1170
7607,155290
7608,990
7609,6440
7610,1155
7611,1926
7612,940
7613,32671
7614,1025
7615,5145
7616,840
7617,1761
7618,814
7619,24341
7620,1094
7621,151406
7622,1108
7623,2293
7624,1076
7625,4452
7626,1061
7627,41762
7628,1001
7629,2104
7630,1156
7631,14094
7632,944
7633,19709
7634,889
7635,1999
7636,848
7637,6379
7638,818
7639,154962
7640,1055
7641,2013
7642,1054
7643,151305
7644,1026
7645,4353
7646,1004
7647,1851
7648,951
7649,148825
7650,947
7651,6818
7652,966
7653,2252
7654,948
7655,4663
7656,835
7657,13305
7658,785
7659,1848
7660,1221
7661,73444
7662,1024
7663,138930
7664,1004
7665,2011
7666,966
7667,10346
7668,1123
7669,151608
7670,904
7671,1788
7672,847
7673,150610
7674,827
7675,3913
7676,788
7677,1644
7678,744
7679,5638
7680,978
7681,153203
7682,1009
7683,2092
7684,966
7685,4385
7686,925
7687,150301
7688,887
7689,1925
7690,860
7691,150587
7692,1009
7693,5963
7694,805
7695,1703
7696,956
7697,65502
7698,735
7699,149398
7700,979
7701,1817
7702,1168
7703,154884
7704,934
7705,4123
7706,905
7707,1706
7708,839
7709,14524
7710,978
7711,11877
7712,788
7713,1854
7714,772
7715,3794
7716,917
7717,151856
7718,694
7719,1647
7720,955
7721,6680
7722,969
7723,152790
7724,922
7725,1845
7726,1053
7727,150115
7728,816
7729,95329
7730,785
7731,1656
7732,938
7733,10633
7734,778
7735,3954
7736,719
7737,1438
7738,660
7739,120010
7740,1077
7741,151103
7742,882
7743,1892
7744,900
7745,3648
7746,1013
7747,99031
7748,974
7749,1690
7750,773
7751,35028
7752,726
7753,150599
7754,712
7755,1517
7756,696
7757,152009
7758,621
7759,151876
7760,836
7761,1821
7762,838
7763,6083
7764,814
7765,3887
7766,772
7767,1532
7768,741
7769,19816
7770,714
7771,23015
7772,680
7773,1622
7774,650
7775,3650
7776,616
7777,6118
7778,569
7779,1479
7780,824
7781,43739
7782,836
7783,64358
7784,799
7785,1601
7786,794
7787,12723
7788,733
7789,147908
7790,679
7791,1438
7792,629
7793,149760
7794,607
7795,2982
7796,562
7797,1292
7798,547
7799,9088
7800,1051
7801,42674
7802,1063
7803,2358
7804,1010
7805,4524
7806,1001
7807,57974
7808,964
7809,2088
7810,906
7811,130695
7812,879
7813,15555
7814,900
7815,2013
7816,800
7817,156331
7818,776
7819,6611
7820,1057
7821,2033
7822,1066
7823,156217
7824,1047
7825,3825
7826,983
7827,2189
7828,1023
7829,155770
7830,967
7831,65629
7832,964
7833,2111
7834,972
7835,4433
7836,968
7837,21433
7838,816
7839,1927
7840,1216
7841,157143
7842,1024
7843,12282
7844,1025
7845,2070
7846,968
7847,6643
7848,911
7849,75805
7850,881
7851,2092
7852,863
7853,157013
7854,837
7855,3763
7856,787
7857,1733
7858,756
7859,43182
7860,973
7861,6960
7862,1183
7863,2248
7864,950
7865,4115
7866,994
7867,154779
7868,885
7869,2012
7870,841
7871,20774
7872,1114
7873,154677
7874,787
7875,1827
7876,742
7877,152749
7878,733
7879,150927
7880,944
7881,1912
7882,959
7883,152430
7884,1117
7885,4205
7886,872
7887,1813
7888,835
7889,6369
7890,1219
7891,13401
7892,780
7893,2014
7894,745
7895,3561
7896,707
7897,82809
7898,673
7899,1781
7900,894
7901,151734
7902,929
7903,6391
7904,895
7905,1921
7906,842
7907,151503
7908,1012
7909,10228
7910,783
7911,1697
7912,764
7913,61670
7914,725
7915,3524
7916,685
7917,1517
7918,673
7919,147933
7920,880
7921,154382
7922,895
7923,2209
7924,837
7925,3755
7926,807
7927,153869
7928,959
7929,1847
7930,740
7931,6938
7932,708
7933,-9837766
7934,684
7935,1633
7936,652
7937,155281
7938,607
7939,19716
7940,844
7941,1761
7942,858
7943,14425
7944,816
7945,3188
7946,830
7947,1617
7948,757
7949,157711
7950,710
7951,154227
7952,681
7953,1753
7954,648
7955,3721
7956,711
7957,122754
7958,567
7959,1572
7960,791
7961,23477
7962,902
7963,154058
7964,779
7965,1702
7966,819
7967,44416
7968,712
7969,13143
7970,683
7971,1549
7972,640
7973,5640
7974,602
7975,3078
7976,584
7977,1544
7978,529
7979,134255
7980,778
7981,29245
7982,773
7983,1792
7984,734
7985,3491
7986,703
7987,5877
7988,931
7989,2080
7990,739
7991,99621
7992,597
7993,152049
7994,579
7995,1466
7996,524
7997,9296
7998,521
7999,23101
8000,1302
8001,2155
8002,1334
8003,90917
8004,1285
8005,4948
8006,1270
8007,1980
8008,1218
8009,156717
8010,1196
8011,157352
8012,1166
8013,2126
8014,1107
8015,5268
8016,1061
8017,156965
8018,1054
8019,1967
8020,1472
8021,16148
8022,1666
8023,124327
8024,1492
8025,2139
8026,1430
8027,33207
8028,1249
8029,6866
8030,1182
8031,1991
8032,1346
8033,43156
8034,1135
8035,4122
8036,1293
8037,1807
8038,1093
8039,155970
8040,1272
8041,12785
8042,1289
8043,2262
8044,1277
8045,4838
8046,1215
8047,15761
8048,1184
8049,2209
8050,1308
8051,148354
8052,1135
8053,157483
8054,1111
8055,1914
8056,1137
8057,7273
8058,1018
8059,156958
8060,1255
8061,2021
8062,1238
8063,12532
8064,1261
8065,4390
8066,1167
8067,1899
8068,1336
8069,156101
8070,1132
8071,7103
8072,1077
8073,2035
8074,1247
8075,4264
8076,1015
8077,63470
8078,1189
8079,1840
8080,1202
8081,159300
8082,1367
8083,96494
8084,1184
8085,1980
8086,1136
8087,155445
8088,1129
8089,152700
8090,1087
8091,1853
8092,1030
8093,153400
8094,1013
8095,4001
8096,992
8097,1806
8098,934
8099,6005
8100,1165
8101,159433
8102,1184
8103,2345
8104,1163
8105,4797
8106,1122
8107,13140
8108,1074
8109,2171
8110,1050
8111,157949
8112,1035
8113,7317
8114,999
8115,1995
8116,933
8117,159213
8118,910
8119,31060
8120,1334
8121,2066
8122,1146
8123,158968
8124,1107
8125,4586
8126,1279
8127,1949
8128,1040
8129,12344
8130,1005
8131,74527
8132,977
8133,2161
8134,960
8135,4685
8136,911
8137,137161
8138,891
8139,2156
8140,1096
8141,6938
8142,1124
8143,21294
8144,1091
8145,2085
8146,1048
8147,159853
8148,1003
8149,42652
8150,967
8151,2034
8152,981
8153,46382
8154,1043
8155,4476
8156,869
8157,1937
8158,837
8159,64578
8160,1101
8161,160281
8162,1085
8163,2441
8164,1025
8165,4602
8166,1022
8167,159008
8168,1000
8169,2246
8170,930
8171,161063
8172,902
8173,12062
8174,879
8175,1891
8176,828
8177,14832
8178,807
8179,158047
8180,1048
8181,1962
8182,1119
8183,6563
8184,985
8185,4038
8186,1143
8187,1840
8188,924
8189,24237
8190,943
8191,158818
8192,933
8193,2178
8194,815
8195,3958
8196,802
8197,6354
8198,748
8199,1868
8200,1317
8201,100360
8202,1321
8203,16083
8204,1284
8205,2292
8206,1440
8207,43376
8208,1244
8209,161073
8210,1201
8211,2326
8212,1146
8213,69966
8214,1104
8215,4330
8216,1072
8217,2093
8218,1043
8219,162392
8220,1329
8221,161674
8222,1355
8223,2612
8224,1289
8225,4558
8226,1249
8227,24539
8228,1225
8229,2327
8230,1211
8231,157911
8232,1159
8233,159189
8234,1225
8235,2275
8236,1179
8237,158729
8238,1050
8239,6123
8240,1467
8241,2167
8242,1279
8243,156292
8244,1305
8245,4186
8246,1249
8247,2055
8248,1381
8249,127996
8250,1355
8251,55966
8252,1114
8253,2233
8254,1292
8255,4426
8256,1104
8257,30395
8258,1031
8259,2208
8260,1273
8261,12177
8262,1278
8263,156685
8264,1228
8265,2133
8266,1186
8267,6631
8268,1142
8269,156248
8270,1150
8271,1949
8272,1099
8273,155365
8274,1075
8275,3848
8276,1091
8277,1840
8278,1210
8279,20148
8280,1221
8281,7479
8282,1571
8283,2775
8284,1289
8285,4584
8286,1167
8287,159656
8288,1148
8289,2045
8290,1078
8291,160034
8292,1051
8293,158952
8294,1300
8295,1861
8296,1161
8297,157067
8298,949
8299,66042
8300,1371
8301,2221
8302,1422
8303,26653
8304,1176
8305,4216
8306,1437
8307,1848
8308,1155
8309,6393
8310,1077
8311,159189
8312,1042
8313,2019
8314,972
8315,4121
8316,931
8317,157363
8318,973
8319,1806
8320,1125
8321,83930
8322,1381
8323,6031
8324,1135
8325,1941
8326,1261
8327,11648
8328,1202
8329,157889
8330,1015
8331,1815
8332,974
8333,14327
8334,944
8335,3665
8336,915
8337,1590
8338,904
8339,45233
8340,1095
8341,25929
8342,1355
8343,2323
8344,1216
8345,3808
8346,1062
8347,21696
8348,1024
8349,1968
8350,975
8351,6351
8352,947
8353,-9839989
8354,930
8355,1744
8356,866
8357,105128
8358,836
8359,13183
8360,1060
8361,1809
8362,1210
8363,155057
8364,1040
8365,4031
8366,999
8367,1640
8368,976
8369,154325
8370,1089
8371,11118
8372,919
8373,1823
8374,855
8375,3691
8376,848
8377,156178
8378,809
8379,1610
8380,1046
8381,19263
8382,1191
8383,140488
8384,1001
8385,1758
8386,1041
8387,157147
8388,954
8389,154615
8390,907
8391,1804
8392,856
8393,5059
8394,849
8395,3322
8396,804
8397,1390
8398,764
8399,50780
8400,1298
8401,48351
8402,1299
8403,2408
8404,1399
8405,4829
8406,1203
8407,8231
8408,1350
8409,2574
8410,1344
8411,15900
8412,1123
8413,77866
8414,1089
8415,2076
8416,1060
8417,25301
8418,1008
8419,161340
8420,1293
8421,2333
8422,1311
8423,161414
8424,1293
8425,4252
8426,1421
8427,2081
8428,1196
8429,162025
8430,1188
8431,164784
8432,1119
8433,2286
8434,1079
8435,4380
8436,1056
8437,11791
8438,1032
8439,2073
8440,1241
8441,31569
8442,1261
8443,159584
8444,1253
8445,2203
8446,1215
8447,158475
8448,1157
8449,6776
8450,1115
8451,2058
8452,1078
8453,146766
8454,1074
8455,4461
8456,1023
8457,1846
8458,1045
8459,10947
8460,1202
8461,168699
8462,1264
8463,2292
8464,1388
8465,4445
8466,1132
8467,161533
8468,1152
8469,2336
8470,1073
8471,69509
8472,1405
8473,57422
8474,1014
8475,2032
8476,976
8477,6889
8478,947
8479,98620
8480,1179
8481,2145
8482,1185
8483,22925
8484,1268
8485,4758
8486,1122
8487,1940
8488,1235
8489,14829
8490,1088
8491,7037
8492,1007
8493,2107
8494,969
8495,4209
8496,965
8497,44147
8498,947
8499,2111
8500,1137
8501,163336
8502,1230
8503,13453
8504,1107
8505,2087
8506,1172
8507,74345
8508,1226
8509,112327
8510,1011
8511,1890
8512,966
8513,165558
8514,949
8515,4109
8516,903
8517,1821
8518,869
8519,6295
8520,1106
8521,160977
8522,1148
8523,2147
8524,1085
8525,4574
8526,1197
8527,160512
8528,1013
8529,1976
8530,996
8531,24495
8532,931
8533,6684
8534,909
8535,1932
8536,882
8537,158259
8538,891
8539,162734
8540,1098
8541,1902
8542,1093
8543,160026
8544,1054
8545,4171
8546,1027
8547,1741
8548,980
8549,143320
8550,943
8551,21857
8552,914
8553,1909
8554,856
8555,4414
8556,839
8557,66411
8558,811
8559,1764
8560,1046
8561,7157
8562,1049
8563,164344
8564,1018
8565,1864
8566,1112
8567,14521
8568,974
8569,11236
8570,911
8571,1867
8572,881
8573,157187
8574,1073
8575,4432
8576,871
8577,1508
8578,768
8579,29851
8580,993
8581,163310
8582,1036
8583,1948
8584,1031
8585,4347
8586,927
8587,44615
8588,911
8589,1907
8590,1062
8591,11131
8592,838
8593,14135
8594,834
8595,1686
8596,917
8597,157056
8598,741
8599,156840
8600,1254
8601,1975
8602,1381
8603,7121
8604,1358
8605,5185
8606,1232
8607,1865
8608,1178
8609,160505
8610,1248
8611,136438
8612,1095
8613,2174
8614,1056
8615,4286
8616,1013
8617,6876
8618,1075
8619,1819
8620,1264
8621,55622
8622,1274
8623,159329
8624,1227
8625,2068
8626,1309
8627,159749
8628,1247
8629,159679
8630,1119
8631,1871
8632,1074
8633,156678
8634,1049
8635,3887
8636,1035
8637,1803
8638,990
8639,83481
8640,1223
8641,164631
8642,1252
8643,2114
8644,1168
8645,4802
8646,1162
8647,161743
8648,1261
8649,1920
8650,1088
8651,64492
8652,1148
8653,23336
8654,1038
8655,1935
8656,988
8657,11260
8658,944
8659,10282
8660,1157
8661,1880
8662,1179
8663,162985
8664,1151
8665,3996
8666,1206
8667,1858
8668,1123
8669,160943
8670,1133
8671,13723
8672,1015
8673,2141
8674,971
8675,3931
8676,971
8677,163845
8678,1072
8679,1886
8680,1135
8681,162706
8682,1314
8683,23740
8684,1195
8685,1851
8686,1097
8687,6620
8688,1062
8689,162534
8690,1198
8691,1759
8692,985
8693,162901
8694,1053
8695,3770
8696,932
8697,1479
8698,875
8699,161369
8700,1270
8701,7436
8702,1132
8703,2201
8704,1080
8705,4575
8706,1037
8707,164062
8708,1196
8709,2066
8710,1009
8711,46858
8712,1091
8713,165764
8714,956
8715,1986
8716,855
8717,32737
8718,836
8719,165665
8720,1097
8721,1942
8722,1090
8723,11156
8724,1171
8725,4214
8726,1004
8727,1880
8728,964
8729,6421
8730,955
8731,165864
8732,895
8733,2017
8734,959
8735,4128
8736,842
8737,162116
8738,798
8739,1865
8740,1442
8741,-9836420
8742,1050
8743,6102
8744,1045
8745,2133
8746,995
8747,173277
8748,941
8749,13119
8750,1108
8751,1887
8752,863
8753,164025
8754,845
8755,3963
8756,908
8757,1841
8758,853
8759,23295
8760,1208
8761,163648
8762,1087
8763,2065
8764,993
8765,4414
8766,939
8767,10959
8768,919
8769,1936
8770,855
8771,6617
8772,868
8773,43996
8774,871
8775,1715
8776,754
8777,109024
8778,753
8779,159693
8780,958
8781,1857
8782,987
8783,160357
8784,1174
8785,3670
8786,913
8787,1703
8788,888
8789,9613
8790,829
8791,92252
8792,788
8793,1889
8794,851
8795,4103
8796,798
8797,22487
8798,693
8799,1666
8800,1183
8801,15239
8802,1209
8803,169147
8804,1180
8805,2098
8806,1143
8807,174216
8808,1097
8809,30743
8810,1075
8811,1889
8812,1126
8813,6410
8814,1020
8815,4208
8816,1115
8817,1723
8818,922
8819,164126
8820,1227
8821,165375
8822,1229
8823,2207
8824,1277
8825,4476
8826,1169
8827,6949
8828,1145
8829,2017
8830,1095
8831,165639
8832,1051
8833,12028
8834,1010
8835,1921
8836,978
8837,164424
8838,953
8839,170775
8840,1178
8841,1951
8842,1337
8843,55856
8844,1142
8845,7612
8846,1127
8847,1832
8848,1120
8849,181661
8850,1055
8851,109556
8852,1048
8853,1952
8854,981
8855,4549
8856,940
8857,20780
8858,914
8859,1793
8860,1124
8861,168990
8862,1275
8863,180104
8864,1133
8865,2067
8866,1099
8867,184931
8868,1082
8869,6059
8870,1113
8871,1758
8872,1013
8873,22852
8874,942
8875,3701
8876,938
8877,1583
8878,853
8879,15265
8880,1168
8881,146263
8882,1132
8883,2089
8884,1080
8885,4423
8886,1033
8887,163281
8888,1038
8889,1855
8890,1098
8891,23843
8892,1027
8893,162029
8894,938
8895,1902
8896,891
8897,5910
8898,818
8899,12498
8900,1114
8901,1770
8902,1065
8903,41632
8904,1052
8905,4061
8906,993
8907,1653
8908,960
8909,93547
8910,1122
8911,7469
8912,920
8913,2128
8914,873
8915,3791
8916,826
8917,54587
8918,811
8919,1604
8920,1025
8921,11473
8922,1058
8923,161917
8924,1035
8925,1788
8926,967
8927,131800
8928,934
8929,161115
8930,896
8931,1816
8932,859
8933,160209
8934,826
8935,3523
8936,792
8937,1448
8938,762
8939,5187
8940,1007
8941,161901
8942,1028
8943,1998
8944,966
8945,3702
8946,955
8947,32112
8948,1066
8949,1696
8950,897
8951,158904
8952,831
8953,5699
8954,933
8955,1534
8956,751
8957,13700
8958,737
8959,18008
8960,973
8961,1583
8962,966
8963,173311
8964,938
8965,3831
8966,898
8967,1472
8968,1045
8969,168839
8970,847
8971,160190
8972,843
8973,1597
8974,756
8975,3581
8976,717
8977,71277
8978,676
8979,1448
8980,911
8981,5583
8982,1082
8983,12804
8984,886
8985,1554
8986,852
8987,9889
8988,831
8989,151881
8990,941
8991,1412
8992,753
8993,17948
8994,725
8995,3021
8996,675
8997,1262
8998,656
8999,160202
9000,1286
9001,170939
9002,1173
9003,2583
9004,1128
9005,5157
9006,1111
9007,168556
9008,1085
9009,2377
9010,1122
9011,173023
9012,1014
9013,170351
9014,1260
9015,2235
9016,962
9017,123993
9018,1163
9019,44015
9020,1209
9021,2632
9022,1571
9023,7429
9024,1145
9025,4680
9026,1134
9027,2206
9028,1100
9029,174834
9030,1041
9031,13034
9032,1112
9033,2551
9034,977
9035,4405
9036,949
9037,6788
9038,920
9039,2319
9040,1147
9041,174281
9042,1146
9043,181332
9044,1143
9045,2638
9046,1098
9047,147328
9048,1212
9049,170743
9050,1011
9051,2218
9052,986
9053,12685
9054,1079
9055,4547
9056,903
9057,2030
9058,853
9059,169467
9060,1092
9061,15705
9062,1209
9063,2502
9064,1229
9065,4603
9066,1160
9067,170711
9068,1029
9069,2487
9070,1110
9071,76430
9072,971
9073,69756
9074,1054
9075,2181
9076,862
9077,42944
9078,1109
9079,7097
9080,1072
9081,2372
9082,1282
9083,45245
9084,1116
9085,4495
9086,1001
9087,2095
9088,1038
9089,98958
9090,1009
9091,168998
9092,902
9093,2244
9094,1001
9095,4427
9096,838
9097,11865
9098,794
9099,2208
9100,1044
9101,25584
9102,1200
9103,170904
9104,1233
9105,2168
9106,1116
9107,9893
9108,920
9109,168772
9110,919
9111,1997
9112,856
9113,15748
9114,840
9115,4225
9116,798
9117,1994
9118,752
9119,11984
9120,1003
9121,7338
9122,1027
9123,2256
9124,958
9125,4781
9126,944
9127,170175
9128,903
9129,2146
9130,860
9131,34169
9132,967
9133,169806
9134,796
9135,1916
9136,757
9137,-9826737
9138,744
9139,16008
9140,954
9141,2241
9142,967
9143,73177
9144,969
9145,3804
9146,1054
9147,1902
9148,863
9149,6120
9150,980
9151,167083
9152,818
9153,2196
9154,752
9155,3988
9156,739
9157,165782
9158,711
9159,1890
9160,900
9161,168002
9162,939
9163,6623
9164,895
9165,2051
9166,860
9167,159408
9168,836
9169,82112
9170,800
9171,2037
9172,758
9173,163519
9174,712
9175,3883
9176,673
9177,1657
9178,653
9179,109924
9180,889
9181,167390
9182,903
9183,2108
9184,850
9185,4129
9186,844
9187,164268
9188,795
9189,1959
9190,747
9191,6444
9192,714
9193,41791
9194,694
9195,1944
9196,656
9197,20571
9198,622
9199,165263
9200,1271
9201,2157
9202,1112
9203,173078
9204,1287
9205,5426
9206,1187
9207,1989
9208,1013
9209,172899
9210,1009
9211,101818
9212,976
9213,2126
9214,920
9215,4680
9216,892
9217,15036
9218,1153
9219,1964
9220,1117
9221,168780
9222,1136
9223,32847
9224,1113
9225,2366
9226,1069
9227,181272
9228,1043
9229,12016
9230,1013
9231,1969
9232,1174
9233,6263
9234,925
9235,4509
9236,1072
9237,2045
9238,998
9239,173755
9240,1130
9241,173733
9242,1112
9243,2261
9244,1271
9245,4476
9246,1049
9247,7137
9248,1012
9249,2057
9250,962
9251,12818
9252,1028
9253,25242
9254,901
9255,2166
9256,979
9257,171781
9258,845
9259,76602
9260,1052
9261,2043
9262,1094
9263,98241
9264,1040
9265,4117
9266,1204
9267,1966
9268,968
9269,14946
9270,943
9271,123995
9272,918
9273,2008
9274,867
9275,4249
9276,868
9277,168703
9278,797
9279,1940
9280,1038
9281,170330
9282,1045
9283,170261
9284,1012
9285,2147
9286,988
9287,58109
9288,945
9289,6303
9290,909
9291,1947
9292,852
9293,171357
9294,833
9295,3948
9296,839
9297,1826
9298,750
9299,20283
9300,997
9301,121694
9302,1065
9303,2586
9304,966
9305,4498
9306,933
9307,66272
9308,888
9309,2232
9310,867
9311,176890
9312,832
9313,114164
9314,796
9315,2253
9316,798
9317,6634
9318,737
9319,181745
9320,1004
9321,2133
9322,977
9323,172289
9324,936
9325,4465
9326,895
9327,2015
9328,1017
9329,24156
9330,822
9331,6938
9332,793
9333,2224
9334,756
9335,4628
9336,754
9337,170108
9338,696
9339,2010
9340,909
9341,174329
9342,934
9343,171882
9344,888
9345,2156
9346,893
9347,13855
9348,1025
9349,168175
9350,834
9351,1978
9352,776
9353,74267
9354,848
9355,4142
9356,687
9357,1818
9358,677
9359,6202
9360,889
9361,12666
9362,933
9363,2441
9364,1085
9365,4354
9366,876
9367,22129
9368,817
9369,2249
9370,788
9371,175891
9372,761
9373,6359
9374,770
9375,2236
9376,753
9377,171609
9378,623
9379,145146
9380,981
9381,2206
9382,860
9383,12292
9384,818
9385,3985
9386,843
9387,2118
9388,1076
9389,63860
9390,848
9391,170981
9392,865
9393,1996
9394,644
9395,3753
9396,597
9397,166303
9398,587
9399,1807
9400,1074
9401,6848
9402,1167
9403,168893
9404,1058
9405,2257
9406,1055
9407,32255
9408,1000
9409,169590
9410,982
9411,2111
9412,939
9413,175904
9414,912
9415,4436
9416,1087
9417,2228
9418,937
9419,168628
9420,1108
9421,170967
9422,1096
9423,2386
9424,1109
9425,4451
9426,1030
9427,11411
9428,1029
9429,2398
9430,981
9431,170719
9432,941
9433,170962
9434,924
9435,2054
9436,866
9437,169110
9438,826
9439,167802
9440,1053
9441,2153
9442,1236
9443,6105
9444,1030
9445,4175
9446,1017
9447,2013
9448,994
9449,10689
9450,928
9451,14226
9452,897
9453,2174
9454,855
9455,4331
9456,826
9457,6290
9458,791
9459,2220
9460,1050
9461,171790
9462,1051
9463,170371
9464,1000
9465,2156
9466,1166
9467,169793
9468,923
9469,20617
9470,1002
9471,1956
9472,882
9473,168919
9474,938
9475,3682
9476,794
9477,1744
9478,757
9479,170119
9480,988
9481,23128
9482,1001
9483,2429
9484,1022
9485,4022
9486,928
9487,86081
9488,918
9489,2152
9490,865
9491,-9829169
9492,1032
9493,10944
9494,805
9495,1912
9496,811
9497,181666
9498,761
9499,5715
9500,951
9501,2037
9502,962
9503,14727
9504,969
9505,4099
9506,897
9507,2099
9508,861
9509,54790
9510,818
9511,170801
9512,792
9513,2176
9514,754
9515,4034
9516,735
9517,44287
9518,740
9519,2273
9520,922
9521,174485
9522,930
9523,158137
9524,1034
9525,1936
9526,860
9527,6409
9528,814
9529,13950
9530,789
9531,1939
9532,755
9533,171692
9534,720
9535,3669
9536,681
9537,1631
9538,720
9539,174077
9540,889
9541,6252
9542,917
9543,2041
9544,873
9545,4023
9546,832
9547,176026
9548,870
9549,2009
9550,773
9551,171354
9552,708
9553,62683
9554,691
9555,1713
9556,665
9557,23240
9558,624
9559,10658
9560,834
9561,1786
9562,838
9563,120152
9564,848
9565,4151
9566,783
9567,1648
9568,747
9569,6037
9570,727
9571,19239
9572,678
9573,1827
9574,634
9575,3937
9576,611
9577,96633
9578,578
9579,1756
9580,808
9581,10762
9582,1009
9583,5860
9584,953
9585,1777
9586,923
9587,168269
9588,870
9589,62318
9590,668
9591,1600
9592,721
9593,79830
9594,612
9595,3342
9596,726
9597,1424
9598,528
9599,38284
9600,1071
9601,177374
9602,1234
9603,2436
9604,1024
9605,4952
9606,1250
9607,15751
9608,1113
9609,2415
9610,912
9611,7192
9612,890
9613,188650
9614,848
9615,2242
9616,811
9617,111864
9618,1383
9619,189709
9620,1089
9621,2350
9622,1212
9623,185581
9624,1132
9625,4507
9626,992
9627,2086
9628,972
9629,178131
9630,937
9631,179938
9632,927
9633,2382
9634,1014
9635,4246
9636,847
9637,31999
9638,838
9639,2533
9640,1183
9641,47497
9642,1076
9643,176364
9644,1016
9645,2393
9646,974
9647,11647
9648,934
9649,179077
9650,907
9651,2093
9652,984
9653,6452
9654,883
9655,4563
9656,802
9657,1856
9658,775
9659,14371
9660,996
9661,180045
9662,1014
9663,2348
9664,957
9665,4594
9666,1098
9667,6988
9668,932
9669,2334
9670,868
9671,24612
9672,914
9673,20503
9674,790
9675,2148
9676,754
9677,173907
9678,723
9679,175797
9680,961
9681,2074
9682,956
9683,32467
9684,1077
9685,4160
9686,928
9687,3031
9688,1057
9689,177089
9690,898
9691,11815
9692,782
9693,2067
9694,764
9695,4265
9696,719
9697,184352
9698,790
9699,2009
9700,907
9701,157105
9702,997
9703,45949
9704,927
9705,2050
9706,849
9707,20890
9708,841
9709,6484
9710,797
9711,2034
9712,793
9713,12303
9714,737
9715,3944
9716,747
9717,1689
9718,647
9719,175153
9720,880
9721,176903
9722,897
9723,2158
9724,846
9725,4672
9726,814
9727,122851
9728,782
9729,1998
9730,779
9731,54947
9732,730
9733,173251
9734,690
9735,1981
9736,640
9737,6116
9738,615
9739,172460
9740,839
9741,1906
9742,867
9743,173548
9744,830
9745,3904
9746,808
9747,1741
9748,742
9749,170018
9750,725
9751,6300
9752,673
9753,1910
9754,642
9755,4015
9756,609
9757,10660
9758,583
9759,1695
9760,807
9761,66836
9762,825
9763,14381
9764,1038
9765,2038
9766,765
9767,172350
9768,701
9769,174592
9770,684
9771,1695
9772,654
9773,40290
9774,625
9775,3624
9776,587
9777,1652
9778,534
9779,5484
9780,786
9781,173420
9782,793
9783,1965
9784,740
9785,3910
9786,706
9787,176990
9788,677
9789,1813
9790,10619
9791,172100
9792,663
9793,5442
9794,647
9795,1772
9796,558
9797,169495
9798,509
9799,61492
9800,1019
9801,1986
9802,1019
9803,179246
9804,1057
9805,4339
9806,945
9807,1835
9808,905
9809,21208
9810,994
9811,177346
9812,868
9813,2223
9814,813
9815,4093
9816,795
9817,177794
9818,743
9819,1865
9820,1034
9821,6607
9822,1071
9823,11482
9824,1008
9825,2246
9826,985
9827,43906
9828,955
9829,173728
9830,966
9831,1835
9832,955
9833,174250
9834,901
9835,3407
9836,781
9837,1666
9838,801
9839,177562
9840,1072
9841,15561
9842,997
9843,2145
9844,995
9845,3932
9846,1077
9847,64334
9848,884
9849,2115
9850,989
9851,175723
9852,819
9853,93515
9854,796
9855,1768
9856,795
9857,174498
9858,717
9859,175461
9860,970
9861,1905
9862,986
9863,-9993847
9864,917
9865,3722
9866,1113
9867,1698
9868,853
9869,114279
9870,867
9871,184321
9872,792
9873,1937
9874,768
9875,3751
9876,700
9877,5861
9878,684
9879,1991
9880,923
9881,61477
9882,969
9883,178732
9884,883
9885,1900
9886,880
9887,177951
9888,899
9889,10070
9890,792
9891,1681
9892,739
9893,13478
9894,720
9895,3476
9896,687
9897,1486
9898,781
9899,22073
9900,896
9901,184348
9902,888
9903,2408
9904,857
9905,4115
9906,917
9907,183196
9908,776
9909,2055
9910,819
9911,12153
9912,717
9913,33220
9914,760
9915,1886
9916,629
9917,77002
9918,614
9919,5768
9920,843
9921,2273
9922,858
9923,185167
9924,806
9925,4033
9926,776
9927,1953
9928,739
9929,185555
9930,822
9931,181296
9932,766
9933,2047
9934,667
9935,3814
9936,603
9937,24566
9938,572
9939,2045
9940,837
9941,186155
9942,811
9943,102177
9944,774
9945,1996
9946,755
9947,6118
9948,704
9949,181770
9950,680
9951,1917
9952,661
9953,56527
9954,625
9955,3506
9956,572
9957,1915
9958,558
9959,30492
9960,770
9961,6521
9962,861
9963,2261
9964,755
9965,3981
9966,703
9967,188836
9968,673
9969,1944
9970,789
9971,14248
9972,610
9973,178245
9974,594
9975,1822
9976,526
9977,11782
9978,507
9979,20083
9980,961
9981,1832
9982,828
9983,111692
9984,704
9985,3366
9986,914
9987,1940
9988,640
9989,5558
9990,609
9991,177191
9992,567
9993,1890
9994,528
9995,4729
9996,490
9997,15046
9998,463
9999,1719
10000,1997
